1,1,751.0,170.0,15.0,43.0,0.6969206929206848,-1,-1,-1
1,2,768.0,170.0,16.0,44.0,0.6464130282402039,-1,-1,-1
2,1,751.0,170.0,15.0,43.0,0.6969206929206848,-1,-1,-1
2,2,768.0,170.0,16.0,44.0,0.6464130282402039,-1,-1,-1
3,1,751.0,170.0,15.0,43.0,0.6969206929206848,-1,-1,-1
3,2,768.0,170.0,16.0,44.0,0.6464130282402039,-1,-1,-1
4,1,752.2918489661874,170.0,15.019607852748942,43.0,0.6687228083610535,-1,-1,-1
4,2,769.8512108453,168.26446280991735,16.636421284606833,45.735537190082646,0.7220353484153748,-1,-1,-1
5,1,753.6484133493426,166.10222323436477,16.650140194764706,47.67733211876228,0.7365058064460754,-1,-1,-1
5,2,771.3314569323893,168.73208440450622,16.72415693114228,46.034694105891276,0.7459156513214111,-1,-1,-1
6,1,754.8952797629252,164.85835063973835,17.682553958032017,50.613535242755,0.7724000811576843,-1,-1,-1
6,2,775.041744885725,168.920558984542,17.018958954890326,46.85382527842771,0.7552633881568909,-1,-1,-1
7,1,757.1414660022698,165.2097080133905,17.839786320278847,50.86210908975589,0.7950235605239868,-1,-1,-1
7,2,778.2219062079994,168.25864238239583,17.44350965832586,47.82872942106707,0.7587528228759766,-1,-1,-1
8,1,759.9759881519177,166.83065525807635,17.896486535505776,50.80222462379193,0.7388442754745483,-1,-1,-1
8,2,782.1034839104482,168.0298406146512,18.161106146650447,49.54562597980065,0.7815397381782532,-1,-1,-1
9,1,762.6981001422369,165.41842155540596,18.497802230316562,52.06227924684441,0.7353724837303162,-1,-1,-1
9,2,785.8699783052472,166.5908003243749,18.931026572865377,51.49726344669949,0.7462928891181946,-1,-1,-1
10,1,766.7198525985967,164.24989617611695,19.236061099452474,53.81337740852136,0.7499168515205383,-1,-1,-1
10,2,791.1252038872456,164.72773282296896,19.97070027021316,54.190938300786954,0.7737825512886047,-1,-1,-1
11,1,772.4721060028487,163.83352977775016,20.130854456189393,55.7427225290435,0.7856190204620361,-1,-1,-1
11,2,797.4817516237929,164.6898512234214,20.599919168818023,55.830549503110376,0.7282291054725647,-1,-1,-1
12,1,778.9826939512983,161.74235391462483,21.49075815734139,59.042593888124976,0.7856666445732117,-1,-1,-1
12,2,803.921627354979,163.39681226996942,21.771840447019084,58.37173953415504,0.7528685331344604,-1,-1,-1
13,1,785.0946592383285,160.95494837958756,23.00287244983124,62.84323484770823,0.7982819080352783,-1,-1,-1
13,2,811.6837424418527,162.9145791923732,23.04696696403754,61.891320338171894,0.7345367074012756,-1,-1,-1
13,3,184.0,167.0,21.0,57.0,0.6785442233085632,-1,-1,-1
14,1,792.5333774606904,163.21357883679627,24.144406268077717,65.56227505735716,0.7793756127357483,-1,-1,-1
14,2,821.1590645474157,164.01931146892463,24.446589452476935,65.13649148943311,0.7617738842964172,-1,-1,-1
14,3,172.23073799775833,167.0,21.976540533408954,59.603305785123965,0.7068948745727539,-1,-1,-1
15,1,802.0702303658835,166.06232302393312,24.57691796541695,66.5797340713729,0.7045515179634094,-1,-1,-1
15,2,831.2337223674816,165.75031103637568,25.425959622777746,67.64125073930329,0.7976987957954407,-1,-1,-1
15,3,160.478948299996,170.05917517373086,22.46739697463028,60.81727782299731,0.716866135597229,-1,-1,-1
16,1,810.4963231178839,165.943198557186,26.729389397368134,72.03472998717885,0.8489519357681274,-1,-1,-1
16,2,842.6730043677297,168.36674446005725,26.520541012123466,70.48350595084275,0.7242380976676941,-1,-1,-1
16,3,144.53647487316505,171.82242353754438,23.178185308945476,62.668356851156226,0.7008161544799805,-1,-1,-1
17,1,822.2292941796205,166.52764063685626,28.034444962106598,75.36701806124076,0.8425541520118713,-1,-1,-1
17,2,855.0403206563436,168.14106128289114,28.06509736340866,74.72322020416365,0.797680139541626,-1,-1,-1
17,3,128.37635582977785,168.74788253273704,24.16979378450146,65.3991028634995,0.5639960765838623,-1,-1,-1
18,1,834.4964709000975,164.88097168379946,30.216826514558914,80.42226299152377,0.8562878370285034,-1,-1,-1
18,2,869.8495669817917,168.05140873158138,29.297679699260506,77.60762501184466,0.7910590171813965,-1,-1,-1
18,3,108.85175630791399,166.92002930269595,24.668337715508027,66.99727854797966,0.6658595204353333,-1,-1,-1
19,1,848.6212905101842,163.60284930831241,31.727611007348607,83.62979176206831,0.7918229103088379,-1,-1,-1
19,2,885.1906727091034,166.7502586388312,30.16643985344723,79.95636049359487,0.8123131990432739,-1,-1,-1
19,3,89.02450695530321,165.5534102227876,25.33370692833241,68.8688618485815,0.6724298596382141,-1,-1,-1
20,1,862.7194660459526,160.57327590704594,34.052225952727134,88.61910642485331,0.8321563005447388,-1,-1,-1
20,2,902.4946171725776,162.42296963476372,32.389085780640784,85.89448836315826,0.8000588417053223,-1,-1,-1
20,3,67.13935072883734,163.04692304566254,26.20902883152219,71.50599227043321,0.6593882441520691,-1,-1,-1
21,1,878.0032432813974,156.87134912190447,35.94843596560795,93.67176447722825,0.799984335899353,-1,-1,-1
21,2,920.2399818606652,158.8542676277793,34.80495761400041,91.9337230119791,0.8280138969421387,-1,-1,-1
21,3,42.79313649101198,160.79761978595272,27.44833262548896,74.41759903245872,0.7573820352554321,-1,-1,-1
22,1,895.6407812988685,154.14527730723876,38.95702587311329,101.25771359811468,0.8640019297599792,-1,-1,-1
22,2,940.8767211174782,158.67442109251505,37.018937928189644,97.41878980080101,0.820676326751709,-1,-1,-1
22,3,17.336031958777525,158.0047276097502,29.92834576897548,81.3304779095208,0.6301754117012024,-1,-1,-1
23,1,913.575898774573,154.3113563886186,42.25063811344998,108.57390446422887,0.8057848215103149,-1,-1,-1
23,2,962.5323444065034,159.24778156504942,40.728515323749484,106.42754114701098,0.7594605088233948,-1,-1,-1
24,1,935.5868930010674,158.1259517588291,45.30306434998782,114.56405983939811,0.7981445789337158,-1,-1,-1
24,4,1001.0,166.0,45.0,115.0,0.791003942489624,-1,-1,-1
25,5,1034.0,160.0,50.0,129.0,0.7934549450874329,-1,-1,-1
25,2,972.1962669139134,159.95889613062255,49.22935074180149,124.15784143933604,0.7636967301368713,-1,-1,-1
26,6,1072.0,160.0,59.0,136.0,0.7530040144920349,-1,-1,-1
26,4,998.8430904656323,156.75382803297998,54.861522248947566,139.04004711425205,0.7808505892753601,-1,-1,-1
27,7,1122.0,152.0,77.0,152.0,0.8518333435058594,-1,-1,-1
27,5,1041.0746347144084,149.82921083627798,59.890777685435204,153.04004711425205,0.8038159608840942,-1,-1,-1
28,7,1091.8780718639289,143.32231404958677,86.04550916470421,170.22314049586777,0.8133543133735657,-1,-1,-1
28,8,1179.0,147.0,63.0,179.0,0.6868539452552795,-1,-1,-1
29,8,1163.3152667023555,140.05785123966945,70.07194593413165,198.0909090909091,0.8469467759132385,-1,-1,-1
34,9,384.0,171.0,20.0,58.0,0.6155598759651184,-1,-1,-1
35,9,377.61359938427984,171.0,20.624040900861765,59.735537190082646,0.5949475169181824,-1,-1,-1
37,10,360.0,178.0,22.0,60.0,0.609041154384613,-1,-1,-1
37,11,282.0,168.0,19.0,55.0,0.6036428809165955,-1,-1,-1
38,10,352.72730408539655,178.86776859504133,22.661094308545785,61.735537190082646,0.6708484292030334,-1,-1,-1
38,12,267.0,169.0,20.0,59.0,0.728245735168457,-1,-1,-1
39,10,341.03052250609556,176.70664313193402,24.411640103674255,66.65509855535137,0.6900544762611389,-1,-1,-1
39,12,256.00648954167264,169.86776859504133,19.425037445580358,57.264462809917354,0.6898561716079712,-1,-1,-1
40,10,328.75911598493826,175.25760762821983,26.011009416760295,71.15997320221979,0.6928767561912537,-1,-1,-1
40,13,235.0,169.0,24.0,61.0,0.7320307493209839,-1,-1,-1
41,10,315.1385679219708,176.18143710554816,26.777630064425978,73.34214339481288,0.6530898213386536,-1,-1,-1
41,13,220.17144941655764,167.26446280991738,25.02073753052111,63.603305785123965,0.7043434977531433,-1,-1,-1
42,10,300.16720618311103,177.2684644462564,27.82782182483919,76.03915508437005,0.6900723576545715,-1,-1,-1
42,14,200.0,170.0,23.0,64.0,0.7143725752830505,-1,-1,-1
43,10,283.3738216264613,178.36460905833684,29.29208685401472,79.60615556281314,0.6652220487594604,-1,-1,-1
43,15,178.0,168.0,25.0,69.0,0.7746433615684509,-1,-1,-1
44,10,264.9551148102249,178.7880224443815,31.007878164519028,84.14414317231515,0.7333850860595703,-1,-1,-1
44,16,155.0,166.0,30.0,76.0,0.693616509437561,-1,-1,-1
45,10,245.92625675095672,179.59771765098702,32.92947223678857,88.3897713003474,0.753528892993927,-1,-1,-1
45,16,135.62457673911973,165.13223140495867,31.436796934983683,79.47107438016529,0.7289178371429443,-1,-1,-1
45,17,430.0,166.0,20.0,59.0,0.6055234670639038,-1,-1,-1
46,10,224.1446949171554,180.55647494211226,34.85813097569413,92.51889670763417,0.7195591926574707,-1,-1,-1
46,18,103.0,169.0,39.0,81.0,0.8062881827354431,-1,-1,-1
47,10,199.3279295204868,180.2933981004558,37.57837717229302,99.14849962437849,0.7779368758201599,-1,-1,-1
47,19,75.0,169.0,39.0,84.0,0.7551416754722595,-1,-1,-1
47,17,417.67639579084204,166.924617196702,20.60716130406384,60.849234393404004,0.6075413227081299,-1,-1,-1
48,10,170.76212600196726,180.18311385801994,40.32194169233339,105.46287653622056,0.7528513073921204,-1,-1,-1
48,17,409.5986193358311,164.77754184289023,21.706086346760365,64.09557167157107,0.6761302947998047,-1,-1,-1
48,20,35.0,167.0,46.99999999999999,89.0,0.7002358436584473,-1,-1,-1
49,10,140.25801370966744,181.38750081926258,43.24665355105272,111.66283398796455,0.7756716012954712,-1,-1,-1
49,17,401.58171967129124,164.7829763210696,22.330631140373388,65.85280837706412,0.6582711338996887,-1,-1,-1
49,21,8.0,166.0,38.0,93.0,0.8140384554862976,-1,-1,-1
50,18,87.07867589449201,179.67853881278538,60.1641093982306,125.65570776255707,0.8032490611076355,-1,-1,-1
51,20,37.89406866035707,180.3676781933663,70.81172153602544,134.83203952011291,0.7670109868049622,-1,-1,-1
52,17,373.2993806766342,167.67335428376373,24.208798698329694,71.47680854056365,0.6521394848823547,-1,-1,-1
52,21,-1.3347037399506547,180.3225123500353,60.488744106577386,148.3803810868031,0.8067667484283447,-1,-1,-1
53,17,363.0319334426295,166.76439518491384,25.27553817884996,74.78614454962248,0.5114381313323975,-1,-1,-1
54,17,352.0070128471506,167.09973535036852,26.15806357907938,77.2520740543356,0.620048999786377,-1,-1,-1
55,17,339.3735332633616,169.81856760835424,26.238813988784845,77.50797932330767,0.5496878027915955,-1,-1,-1
56,17,324.0260931932097,168.22953603013835,28.16332338798945,83.45813610755937,0.7459268569946289,-1,-1,-1
57,17,308.0213915445998,166.34880201804555,30.468753336291602,90.13910088791658,0.8036603331565857,-1,-1,-1
58,17,291.46970326629366,165.59231446899506,32.119506973183555,94.62988630152854,0.7770451307296753,-1,-1,-1
59,17,272.53836348560947,165.2769034724943,33.93255052519157,99.53072643332592,0.7769563794136047,-1,-1,-1
60,17,251.3693378906143,165.14650756020455,35.99969337092487,105.20131616305116,0.7355085015296936,-1,-1,-1
61,17,227.9152472054014,163.83271238961177,38.527934143548485,112.42216490456201,0.7752440571784973,-1,-1,-1
62,17,202.6532330018715,163.93170142486332,40.645594863051926,118.9860301210847,0.7066354155540466,-1,-1,-1
63,17,171.4731590791498,160.21672862662064,44.76824743221724,130.3047938651112,0.7064783573150635,-1,-1,-1
63,22,878.0,166.0,26.0,73.0,0.6925731301307678,-1,-1,-1
64,17,136.49696445094276,158.11892795362962,48.70813306530083,139.7006321162847,0.7905533313751221,-1,-1,-1
64,22,883.4796608966147,166.8677685950413,26.321669942307707,73.86776859504133,0.7042425870895386,-1,-1,-1
65,17,97.77043902393427,156.6464858127789,52.22890344620435,149.01285100140086,0.7767000794410706,-1,-1,-1
65,22,892.9186602908296,165.46535013850536,27.21995643326009,76.34368944609204,0.6024057865142822,-1,-1,-1
65,23,345.0,167.0,23.0,66.0,0.6596811413764954,-1,-1,-1
66,22,902.9449191362436,165.0028298344298,28.27849103142372,79.36691449924493,0.549820601940155,-1,-1,-1
66,23,337.0227211632591,166.1322314049587,23.334722962737956,66.86776859504133,0.5884791016578674,-1,-1,-1
66,24,31.0,150.0,68.0,166.0,0.7961166501045227,-1,-1,-1
67,22,913.9424316774578,162.72030839509642,29.359982520984612,82.47443057928845,0.7881811261177063,-1,-1,-1
67,23,328.253588835498,166.7585409993008,23.462036825112794,67.0167163923561,0.6936849355697632,-1,-1,-1
67,25,0.0,152.0,51.0,181.0,0.7931863069534302,-1,-1,-1
67,26,897.0,162.0,27.0,78.0,0.6616180539131165,-1,-1,-1
68,22,925.947526963237,164.70453120661014,30.201675728137854,84.8768071542964,0.786040186882019,-1,-1,-1
68,23,316.33811159389614,166.21387917175156,24.543432314349065,70.09051115750988,0.744880199432373,-1,-1,-1
68,26,905.3645263764444,163.73553719008265,27.62631914793762,79.73553719008264,0.7473567128181458,-1,-1,-1
68,27,745.0,158.0,27.0,80.0,0.6240512728691101,-1,-1,-1
69,22,939.9566954427767,163.44354985180334,32.97140044913753,91.76747898124698,0.8244367837905884,-1,-1,-1
69,23,301.98305160644486,166.75135454575508,26.164542097939837,74.67095063544996,0.7333112359046936,-1,-1,-1
69,26,914.7092651425382,164.03387205711633,28.91088939477243,83.12309007687738,0.7126116752624512,-1,-1,-1
69,27,748.3226246438148,159.73553719008262,28.16466806774228,83.47107438016529,0.7081544995307922,-1,-1,-1
69,28,1131.0,150.0,62.0,141.0,0.6202226877212524,-1,-1,-1
70,22,953.6336765326465,164.28998452782548,35.53373225528814,98.18458675286662,0.8211265802383423,-1,-1,-1
70,23,289.93059218876436,170.3745563023898,26.174144680103836,74.17960752743787,0.7588367462158203,-1,-1,-1
70,26,926.2127566518743,164.84633515562982,30.688491654122814,87.91130028567018,0.7348006367683411,-1,-1,-1
70,27,750.4265675571328,160.80040171814946,29.131432849912162,86.3663239013094,0.7127690315246582,-1,-1,-1
71,22,967.5698463549447,162.06839795587018,37.98765319410398,105.10090215866849,0.8194121718406677,-1,-1,-1
71,23,276.98480537123345,171.74478929652292,27.590398433766456,77.29133983663675,0.7452338933944702,-1,-1,-1
71,26,940.393623589724,165.81389446545188,32.930208387443116,93.71553229243612,0.6811835765838623,-1,-1,-1
71,27,754.9002009014403,160.37770248188875,30.6876897954334,90.98364358977504,0.7680796980857849,-1,-1,-1
71,29,883.0,161.0,56.0,127.0,0.6485552787780762,-1,-1,-1
71,30,354.0,170.0,26.0,73.0,0.6025683879852295,-1,-1,-1
72,22,984.0024524004821,162.4666028522311,39.980537421630814,110.9121259977668,0.8254235982894897,-1,-1,-1
72,23,262.4851924725806,171.55052496440072,28.265989281672265,79.03996947447747,0.8131881356239319,-1,-1,-1
72,26,955.4506602321485,164.78212537906916,35.684189381497994,101.14281280165935,0.7290194630622864,-1,-1,-1
72,27,760.2351858073722,160.91010580845085,31.233442083565453,92.47119152797845,0.6822338104248047,-1,-1,-1
72,29,900.605868946849,158.39669421487605,59.83784888316155,135.67768595041323,0.7038938999176025,-1,-1,-1
72,30,341.7001911058994,171.73553719008265,26.302097127044128,73.86776859504133,0.696370542049408,-1,-1,-1
73,22,1003.3746597642736,163.28014452314574,41.70062511785706,115.64447198641003,0.8274253606796265,-1,-1,-1
73,23,248.34877505934563,170.77370481232865,29.376447010172836,82.2757884672378,0.8157972693443298,-1,-1,-1
73,26,974.4910986702848,163.05585030785304,38.26512086771523,108.42689397461722,0.6509369015693665,-1,-1,-1
73,27,764.0259526371932,157.60281912623861,33.6549794530206,100.51518001695874,0.7360019683837891,-1,-1,-1
73,29,926.3732858339705,157.18827073732328,62.7966391618524,142.48381970049235,0.6573677062988281,-1,-1,-1
73,30,326.5178615787437,172.8090395845974,27.675701150836883,77.89502516912673,0.7517843842506409,-1,-1,-1
74,22,1024.9925817112799,161.7205770869669,44.3063741732459,123.1053038608052,0.7719388008117676,-1,-1,-1
74,23,232.88387807729595,170.4538789031426,30.442106397570246,85.40439209138017,0.8195480704307556,-1,-1,-1
74,27,768.9249642583686,156.4097331941076,35.24068410236582,105.33662931143157,0.7059553861618042,-1,-1,-1
74,29,952.9831691661559,150.94208622616418,69.33179899141325,157.14312473990984,0.6989203691482544,-1,-1,-1
74,30,309.59714366980455,172.3875383925306,28.877391782123148,81.39548544166723,0.7430522441864014,-1,-1,-1
75,22,1050.0109409480274,161.10942586806954,47.62858095736604,132.24336510335382,0.7559556365013123,-1,-1,-1
75,23,216.55586559165036,171.60586173812504,31.5631974806594,88.49031912173612,0.8074859380722046,-1,-1,-1
75,27,776.6318851215526,156.61555388148253,37.03244201034943,110.33647316578896,0.665090799331665,-1,-1,-1
75,29,986.5553730487987,150.86410220459203,73.62631549877644,166.2327598692365,0.687548816204071,-1,-1,-1
75,30,291.48350468343006,171.4901135358771,30.49486192129701,86.06362953914676,0.7068867087364197,-1,-1,-1
76,22,1053.6938202649917,158.38012234720918,59.138438095129345,161.99469706905012,0.671378493309021,-1,-1,-1
76,23,197.63286827643802,170.10665234350625,33.40017094022114,94.1331620179826,0.8164023756980896,-1,-1,-1
76,27,785.0761662692007,156.71586098016593,38.20455751769516,114.0887701050797,0.7543199062347412,-1,-1,-1
76,30,273.859912360836,168.41978415661669,32.35368635896208,91.73948312282914,0.7206271290779114,-1,-1,-1
76,31,1091.0,160.0,52.0,144.0,0.670924723148346,-1,-1,-1
77,22,1074.2296320057483,160.86709329826883,54.39272930078886,148.18756060018438,0.6969174146652222,-1,-1,-1
77,23,178.2565804874585,169.51101314712426,34.57992755624778,98.1794128600648,0.8315711617469788,-1,-1,-1
77,27,793.0685205309351,154.8353360740523,41.87685491116157,125.09720601509426,0.7036301493644714,-1,-1,-1
77,30,255.50470352631297,165.9442966251921,34.9408689324419,99.72118258112819,0.7897160053253174,-1,-1,-1
77,31,1095.4423830755213,152.1900826446281,70.0160602952382,192.59504132231405,0.7274242043495178,-1,-1,-1
78,23,158.2908118017865,169.89810414712156,36.212483975765174,103.52158169043308,0.8025509715080261,-1,-1,-1
78,27,803.4305320950881,154.74194877158737,44.302117225252665,133.0648073070877,0.709466278553009,-1,-1,-1
78,30,233.46542616681737,166.29648472490115,37.01630704063247,105.91507262608376,0.7626490592956543,-1,-1,-1
78,31,1111.2519812968465,157.61457936102028,59.61243618452394,163.77321948447386,0.7806382179260254,-1,-1,-1
78,28,1139.6408544555472,145.03478260869565,100.32872587151384,227.39478260869566,0.7108148336410522,-1,-1,-1
79,23,136.4793084937881,170.67793855508373,38.2275592678888,108.08764652262998,0.8003456592559814,-1,-1,-1
79,27,814.7117584221446,154.72355021962977,47.112377041064576,143.06070004729722,0.676483690738678,-1,-1,-1
79,30,208.15489125528413,166.47546886845336,39.935044570385195,113.98301320830909,0.7650985717773438,-1,-1,-1
79,28,1150.11524681456,153.63040468558125,82.54275588971304,188.44368637325582,0.7986440658569336,-1,-1,-1
79,32,793.0,199.0,25.0,65.0,0.7713979482650757,-1,-1,-1
79,33,1215.0,152.0,27.0,212.0,0.6644793152809143,-1,-1,-1
80,23,112.09569277133758,172.24840992871495,40.87472139643985,112.34740234774232,0.8516693115234375,-1,-1,-1
80,27,827.7600301283891,155.35325895221325,50.24000606213631,152.56892779982402,0.7364403605461121,-1,-1,-1
80,30,181.08258022006586,167.83017317239057,42.50519339038158,120.85117972309831,0.7418931126594543,-1,-1,-1
80,32,800.8425460453884,201.60330578512398,26.67027981004962,69.33884297520662,0.705938994884491,-1,-1,-1
80,33,1212.880453012275,160.6776859504132,22.561408025036517,174.68595041322317,0.7501809000968933,-1,-1,-1
81,23,83.41721234635513,172.86594812118773,43.39384521062835,116.4789179186105,0.7827709317207336,-1,-1,-1
81,27,845.6305326064106,155.62321841281175,53.4012598390406,162.50682943751562,0.7546489238739014,-1,-1,-1
81,30,153.16509551599316,166.5152971023727,45.790521367735906,129.13057787647787,0.7828763127326965,-1,-1,-1
81,32,811.1566679570241,202.81211232622158,27.241919156458195,70.84809081694512,0.7209417819976807,-1,-1,-1
82,23,53.27562605539276,168.6627578514826,47.32409608509383,125.62605935319426,0.7605515718460083,-1,-1,-1
82,27,863.5094883017331,147.029243212081,59.77512643543421,183.18244611513376,0.8128459453582764,-1,-1,-1
82,30,118.41619227408813,164.12184716344757,50.03934361643458,139.20145812797952,0.7646994590759277,-1,-1,-1
82,32,823.1170328516405,200.93024241040692,30.30527313093944,78.734358119013,0.7683433294296265,-1,-1,-1
82,34,849.0,199.0,27.999999999999996,83.0,0.63265460729599,-1,-1,-1
83,23,21.940989054564128,168.8800674251315,49.07510139976877,129.7841927111179,0.7923458814620972,-1,-1,-1
83,27,884.153543966575,141.1605953305938,66.245664359651,203.57589265901936,0.8057111501693726,-1,-1,-1
83,30,79.6489502586503,163.7871749710818,54.25410700843858,148.72842850590513,0.7244845032691956,-1,-1,-1
83,34,842.9611846817774,203.3388429752066,29.664407495949582,87.33884297520662,0.7725462317466736,-1,-1,-1
83,35,863.0,184.0,37.0,110.0,0.7586036324501038,-1,-1,-1
84,23,-5.112199756563676,169.599762859453,49.97612645784709,137.64620107816663,0.7033427953720093,-1,-1,-1
84,27,910.2062826914424,136.911463187871,73.72022398071528,227.10343198849753,0.6727023720741272,-1,-1,-1
84,30,34.08872391322764,163.0500250027084,60.008571804463806,161.1451070952985,0.7112772464752197,-1,-1,-1
84,35,861.0646888316696,205.69421487603304,32.19293638624763,95.24793388429752,0.7432985305786133,-1,-1,-1
84,36,888.0,203.0,35.0,99.0,0.7786070108413696,-1,-1,-1
84,37,950.0,145.0,67.0,179.0,0.6706558465957642,-1,-1,-1
85,36,885.8937410903029,209.94214876033055,36.60921203427033,102.47107438016529,0.7897758483886719,-1,-1,-1
85,37,962.7631314858401,133.71900826446281,88.33324116055135,235.40495867768595,0.7420200705528259,-1,-1,-1
85,38,914.0,208.0,41.0,105.0,0.7670429944992065,-1,-1,-1
86,37,1005.7506009964883,131.01030667817133,93.33781764293934,246.1955746678734,0.6983301043510437,-1,-1,-1
86,38,908.5906995091424,212.33884297520663,44.87645222138459,114.54545454545455,0.7881345152854919,-1,-1,-1
86,39,123.0,170.0,30.0,86.0,0.6836937665939331,-1,-1,-1
86,40,863.0,168.0,20.0,52.0,0.6496080756187439,-1,-1,-1
86,27,943.7061726019764,191.1844266080896,49.194259727539794,149.8778196531074,0.7863262295722961,-1,-1,-1
87,37,1071.5929389486223,118.88547023560974,101.90074209393954,260.3350060780123,0.7956293821334839,-1,-1,-1
87,40,867.3388429752066,167.13223140495867,20.0,52.0,0.6573178172111511,-1,-1,-1
87,27,946.1520361474327,211.87782688617742,45.88127475916035,133.26345932630858,0.7909579873085022,-1,-1,-1
87,41,980.0,212.0,65.0,135.0,0.7906675934791565,-1,-1,-1
88,37,1123.2103183903619,107.6966113052429,106.62635949088018,271.72236045865833,0.6276416182518005,-1,-1,-1
88,40,871.662379521901,166.98360329072844,20.634761580183763,53.55911070625409,0.7649939656257629,-1,-1,-1
88,41,980.2123038160053,224.1487603305785,67.17869815311349,139.3388429752066,0.6888967156410217,-1,-1,-1
88,42,1024.0,218.0,81.0,154.0,0.666850745677948,-1,-1,-1
89,40,876.9535268617598,166.19909095129637,21.106572332332938,54.80205532350585,0.7667629718780518,-1,-1,-1
89,42,1030.92717448675,224.9421487603306,79.29441135707886,150.52892561983472,0.6733922958374023,-1,-1,-1
89,43,1090.0,224.0,85.0,152.0,0.7065796256065369,-1,-1,-1
89,44,932.0,167.0,23.0,58.0,0.631722092628479,-1,-1,-1
90,40,882.4142515071627,167.39707804758933,21.55041597554618,55.90388263791097,0.7106659412384033,-1,-1,-1
90,44,938.162129872333,168.73553719008265,23.692269180953815,59.735537190082646,0.5541312098503113,-1,-1,-1
91,40,887.8457199120024,167.83154655640766,22.006034234131363,56.94662108109407,0.6938828229904175,-1,-1,-1
92,40,893.230329750113,167.2991032044305,23.162844817035317,60.02565030342701,0.7750407457351685,-1,-1,-1
92,45,958.0,165.0,26.0,68.0,0.7476023435592651,-1,-1,-1
93,40,899.6750676417306,167.10128470952586,24.333461299612093,62.450527678629655,0.7148083448410034,-1,-1,-1
93,45,966.7579445088658,165.86776859504133,26.707251478136197,69.73553719008264,0.6655009388923645,-1,-1,-1
94,40,906.2613878114554,167.68254524637547,25.370667033331333,64.6410159696168,0.8169170618057251,-1,-1,-1
94,45,976.1230657437491,165.24576703827526,28.07862323823477,73.11901969356713,0.734879732131958,-1,-1,-1
95,40,912.6141837494504,167.2562396356563,26.24355117689379,66.73414079136906,0.8228665590286255,-1,-1,-1
95,45,987.8342517240619,165.0297133630415,29.43452985957764,76.4155053415454,0.7135220766067505,-1,-1,-1
95,46,74.0,162.0,73.0,169.0,0.6059988737106323,-1,-1,-1
96,40,919.3687743342938,166.43998037344656,27.341297369505348,69.43399530962297,0.577809751033783,-1,-1,-1
96,45,1002.4715530740297,164.96269028376196,30.15399839864047,78.17106963338588,0.6351327896118164,-1,-1,-1
97,40,927.1354716896043,166.12276190603555,28.07033626125091,71.07360996041571,0.8636566400527954,-1,-1,-1
97,45,1016.9476755823445,165.64233546585447,31.299595852773766,80.76856039305278,0.6609058976173401,-1,-1,-1
97,46,92.87092680913528,166.62308598351,57.44895910257746,132.9399293286219,0.5764083862304688,-1,-1,-1
98,40,936.1905920831153,166.00141307585508,28.821553629081446,72.94042012464415,0.8353607654571533,-1,-1,-1
98,45,1033.1996155107518,164.541121682263,33.339332301404816,85.69146108122406,0.7377446889877319,-1,-1,-1
99,40,945.1276910252607,165.95808330396073,29.489755719301275,74.25299825056204,0.8457359671592712,-1,-1,-1
99,45,1048.7674698440067,163.47164069128607,34.81968221200745,88.77619718195217,0.6092814207077026,-1,-1,-1
100,40,954.9863304353422,166.59035869436104,30.11666757678283,75.34714021970574,0.8299325108528137,-1,-1,-1
100,45,1065.4980601149136,162.40736388672724,36.58254082518618,92.47827754185735,0.657059371471405,-1,-1,-1
101,40,965.6358402468212,164.90355593251672,31.778835729519386,79.58698667863052,0.8214702010154724,-1,-1,-1
101,45,1085.3724584821402,163.29900496985368,38.10226894410329,95.76101675111309,0.6753615736961365,-1,-1,-1
102,40,976.7649496534622,162.98344936313362,32.692804859311224,81.81844695951716,0.7398102283477783,-1,-1,-1
102,45,1107.5292968861297,161.7303023829964,40.5967531737767,101.45588524261454,0.5479267239570618,-1,-1,-1
103,40,989.3551860320264,160.94522542990828,34.09837327873061,85.19360869513035,0.75641930103302,-1,-1,-1
103,45,1132.2156895070054,159.8519836037741,43.106606928481966,106.7830447395022,0.6929908990859985,-1,-1,-1
103,47,245.0,163.0,21.0,57.0,0.6182824969291687,-1,-1,-1
104,40,1001.6482117494369,158.8831009186171,35.40435354995616,88.37102275276503,0.8111976385116577,-1,-1,-1
104,45,1159.9455311868421,157.8472612078284,45.39670361290397,111.97312494005288,0.544650673866272,-1,-1,-1
104,47,233.98686261560732,163.86776859504133,21.332059892752298,57.86776859504132,0.5696956515312195,-1,-1,-1
105,40,1014.4686013261278,158.72038138900126,36.65923145759496,91.47092233595289,0.8284180164337158,-1,-1,-1
105,45,1187.1375052280125,157.06350831128884,47.85079408485045,118.36642704881788,0.6586363315582275,-1,-1,-1
105,47,222.1165194264869,167.11509573298736,21.983238931521917,59.5659311700759,0.5623339414596558,-1,-1,-1
106,40,1028.8348075849103,159.95000655366266,38.37460658617732,95.17344209321067,0.8184311389923096,-1,-1,-1
106,47,208.04059299572174,167.39235605749934,23.599470851445155,63.84486368747978,0.720542311668396,-1,-1,-1
106,48,186.0,158.0,30.0,74.0,0.7108463048934937,-1,-1,-1
107,40,1043.4337759214254,160.45292076714819,40.3340452436521,99.74258979178325,0.818734347820282,-1,-1,-1
107,48,187.85857578062,164.94214876033055,27.150617033801314,67.05785123966942,0.709818422794342,-1,-1,-1
107,49,171.0,158.0,30.0,76.0,0.7016544342041016,-1,-1,-1
107,50,490.0,176.0,21.0,56.0,0.6978430151939392,-1,-1,-1
108,40,1060.0341184801582,161.29691387573433,41.05212812681552,101.48179567910175,0.8193957209587097,-1,-1,-1
108,49,172.96980115908008,164.07438016528926,26.928166276881125,68.19008264462809,0.7381349205970764,-1,-1,-1
108,50,486.0322850277796,173.39669421487605,21.993281184110156,58.603305785123965,0.5065931677818298,-1,-1,-1
108,46,152.12268142985417,149.925529715582,36.59549254446112,85.17446656352357,0.7097530961036682,-1,-1,-1
109,40,1076.6230539842404,158.45666673940897,43.66438390543884,107.82538752824371,0.8574382066726685,-1,-1,-1
109,50,482.6923435224034,175.24106182334606,21.358924766172546,56.75893817665395,0.7870608568191528,-1,-1,-1
109,46,157.73661302365943,161.66509436172538,30.40618027512759,71.51412544471219,0.7970645427703857,-1,-1,-1
109,51,138.0,151.0,35.0,85.0,0.7512420415878296,-1,-1,-1
110,40,1094.4966601354581,157.35931728378793,45.98996068769731,112.13198749660172,0.810900092124939,-1,-1,-1
110,50,477.5336228381355,175.14107642642293,21.729814160705992,57.62887412571945,0.7401420474052429,-1,-1,-1
110,51,138.1696688047,162.2809917355372,30.3218194153934,73.71900826446281,0.7533395886421204,-1,-1,-1
110,52,118.0,150.0,35.0,86.0,0.7331623435020447,-1,-1,-1
111,40,1114.6987833614446,157.56770947181462,48.57323791400486,116.9285043304462,0.8020294904708862,-1,-1,-1
111,50,470.6900745520967,172.89622705483134,23.705248735121675,63.04321847960056,0.648624062538147,-1,-1,-1
111,52,116.89044024907803,159.54545454545456,31.144739336554704,76.45454545454545,0.748491644859314,-1,-1,-1
111,53,95.0,149.0,37.0,88.0,0.6998761892318726,-1,-1,-1
112,40,1136.748011139707,158.29863402338424,51.1939289087812,121.90832322881155,0.8244469165802002,-1,-1,-1
112,50,465.17857656812794,174.1845154065976,24.07721560509457,64.18096996772995,0.7872428297996521,-1,-1,-1
112,53,94.04070048509094,160.28099173553719,33.71198745957019,80.1900826446281,0.6967938542366028,-1,-1,-1
112,54,67.0,144.0,41.0,99.0,0.707741916179657,-1,-1,-1
113,40,1160.7899374240571,157.33946130878053,54.42825820205424,129.48474826639452,0.7839046120643616,-1,-1,-1
113,50,459.5337590601307,175.38846557889374,24.962083230889863,66.56062656934758,0.7701627612113953,-1,-1,-1
113,54,70.6637072370541,160.48760330578514,34.54035412093312,83.3801652892562,0.6233696341514587,-1,-1,-1
113,55,39.0,147.0,43.0,103.0,0.6924219131469727,-1,-1,-1
114,40,1182.0711024343782,155.08606765623102,56.63987861078617,135.54474722858524,0.7971240282058716,-1,-1,-1
114,50,453.0173103192809,177.170896906978,25.78063978122183,68.72228785587194,0.8252758979797363,-1,-1,-1
114,55,42.5122223518748,162.6198347107438,36.84332389129174,88.24793388429752,0.621412456035614,-1,-1,-1
114,56,6.0,148.0,44.0,107.0,0.7286469340324402,-1,-1,-1
115,40,1197.9956462138518,149.7866836275319,59.50988101238102,151.08538206338446,0.5747493505477905,-1,-1,-1
115,50,446.1402525631243,178.50420479904676,27.317095139637207,72.77456935343676,0.8402518630027771,-1,-1,-1
115,56,-12.304037304960016,145.39669421487602,45.897330808267135,113.07438016528926,0.5070214867591858,-1,-1,-1
116,50,438.44041478712734,177.71159081910008,28.615125377503155,76.2138943424569,0.7689707279205322,-1,-1,-1
117,50,430.41631575433195,176.7381068980957,29.817471527796798,79.42369080997209,0.812442421913147,-1,-1,-1
118,50,421.0274813127872,176.34098524948433,30.92237932144087,81.89561406087898,0.7955904603004456,-1,-1,-1
119,50,409.52225590425195,175.53540246824798,33.22815820631298,87.27460809883188,0.8315672278404236,-1,-1,-1
120,50,395.9319711864188,177.1130056327739,35.52145912055821,91.84977064872925,0.8434606790542603,-1,-1,-1
121,50,380.90047891098806,179.63859185748424,37.68440375904886,96.75798224949894,0.870994508266449,-1,-1,-1
122,50,364.7142380020232,181.90265635907545,39.77097682942647,101.15757472122836,0.859366774559021,-1,-1,-1
123,50,347.7867020851669,182.16838490341968,42.38958180336092,107.87306546450931,0.8958362936973572,-1,-1,-1
124,50,330.6802415061784,180.38412385609854,45.78650065595556,115.47608120203842,0.8800824284553528,-1,-1,-1
125,50,312.335403238193,180.89827094122182,48.7026933839749,122.18883951576532,0.8660884499549866,-1,-1,-1
126,50,291.5084477795933,182.9694502855476,52.221764003922836,129.79683616796137,0.7396960854530334,-1,-1,-1
127,50,264.71628666922976,183.17195473416953,56.6657050666558,139.61580257549383,0.8856311440467834,-1,-1,-1
128,50,233.0354907925899,182.00260487480006,62.893255116700004,152.77362757591,0.9100503325462341,-1,-1,-1
129,50,195.82585451489763,181.5203203144511,70.97942174292444,170.3068488808236,0.8530325293540955,-1,-1,-1
130,50,152.5045434380254,183.7544834324922,77.98745979738567,185.29129131124802,0.8353560566902161,-1,-1,-1
131,50,99.72419020008464,184.06627963057588,82.60406079407417,191.97819134464814,0.8275854587554932,-1,-1,-1
132,50,40.14535781792839,189.1574751179075,84.92738568408929,189.5282916095266,0.8071253895759583,-1,-1,-1
133,57,0.0,202.0,37.0,174.0,0.7292497158050537,-1,-1,-1
212,58,730.0,187.0,23.0,59.0,0.6849144697189331,-1,-1,-1
212,59,777.0,174.0,33.0,93.0,0.6566118597984314,-1,-1,-1
213,58,732.1072740246364,185.26446280991738,23.992063520975304,61.603305785123965,0.6605888605117798,-1,-1,-1
214,59,784.1798501992489,172.150765606596,33.43417474873424,93.924617196702,0.6038103103637695,-1,-1,-1
215,58,737.9446295704013,186.75068989127215,23.079649143467808,59.35681079781236,0.5380687117576599,-1,-1,-1
216,58,737.7587854609641,177.91316223453032,26.659048621430163,68.78743134002215,0.5765679478645325,-1,-1,-1
216,59,792.405693119928,164.89801258547595,35.63960886123655,99.2839301236702,0.5871721506118774,-1,-1,-1
217,58,740.264439848002,173.96280310544162,28.748584213228046,74.23960532822186,0.6426381468772888,-1,-1,-1
217,59,799.8828569779511,164.38295328841926,35.87306909921509,98.7537109885459,0.5751704573631287,-1,-1,-1
218,58,742.5584095736244,173.82345443397116,29.406202009282403,75.63607204741483,0.6164560317993164,-1,-1,-1
218,59,806.3548303761225,162.20027568975496,36.976004685612864,101.30679018963538,0.7210169434547424,-1,-1,-1
219,58,744.4272562017476,174.57216986470343,30.145119024337703,77.35876063714252,0.5365551710128784,-1,-1,-1
219,59,810.4953781645319,160.12570407554165,39.495286345679034,106.94101242884598,0.6391940116882324,-1,-1,-1
220,58,746.131791617287,174.94194071074963,31.55606922060809,80.54732275972205,0.5190157294273376,-1,-1,-1
220,59,813.7708407917381,157.43114542729268,42.58646793996316,113.60850526950638,0.7505178451538086,-1,-1,-1
221,58,750.3497861636818,178.37373870204092,31.95260340612598,81.69859051224817,0.5539709329605103,-1,-1,-1
221,59,821.6369164672619,158.40709529495876,43.86440548568145,115.45034587363999,0.7326949238777161,-1,-1,-1
222,58,752.5623938577767,180.43921741383184,34.06042200089877,87.24441661457396,0.6798649430274963,-1,-1,-1
222,59,827.9247541270785,160.19970382454116,46.68888302345015,122.58231104494847,0.7445077896118164,-1,-1,-1
223,58,756.8926068686303,179.33695618674585,36.71375503309902,94.4146274797002,0.6493768692016602,-1,-1,-1
223,59,834.4909855037857,160.9194354173925,48.803842059357784,126.52753488591466,0.7783390879631042,-1,-1,-1
224,58,760.7143618093593,179.5404148249418,38.454408996318556,99.07770928517708,0.37649545073509216,-1,-1,-1
224,59,843.5979752090169,159.96998527990456,52.90622042831833,136.32470899006634,0.7548668384552002,-1,-1,-1
225,58,768.1715639433918,179.01452451233288,40.39085921681209,104.01345885535305,0.7030057311058044,-1,-1,-1
225,59,856.8796934124794,160.88225916914334,53.076404722349224,135.01941130765266,0.7384284138679504,-1,-1,-1
226,58,776.8274525870409,178.18911462545572,42.87625990780123,110.30219675740304,0.7556611895561218,-1,-1,-1
226,59,869.822279393613,158.72828691224504,55.54678666344515,140.08033607247765,0.7112993597984314,-1,-1,-1
227,58,784.5487367193145,177.87270804396098,46.439288900808734,118.36694443518635,0.7980132699012756,-1,-1,-1
227,59,883.8046439589984,159.83891432112443,59.222993337187724,146.4179400536613,0.700727641582489,-1,-1,-1
228,58,792.5621537836427,179.627165452418,50.92219691444799,127.1209250850673,0.7650189399719238,-1,-1,-1
228,59,897.9470342243409,155.85159571835754,67.0796802007396,164.06264347128842,0.7939270734786987,-1,-1,-1
229,58,804.2807619997877,182.83554153894903,56.052136127277144,137.39452603706675,0.7265099287033081,-1,-1,-1
229,59,916.5268639428696,154.9255738045664,72.90264739912904,175.83819956492042,0.7899928092956543,-1,-1,-1
230,58,818.4651575209461,184.76420580307732,60.678376781462845,147.02339028630905,0.7203443646430969,-1,-1,-1
230,59,935.5839574055556,154.57988243386558,78.05280557438095,184.89073430657666,0.8032883405685425,-1,-1,-1
230,60,588.0,173.0,17.0,47.0,0.662957489490509,-1,-1,-1
230,61,610.0,178.0,14.000000000000002,41.0,0.6346293687820435,-1,-1,-1
231,58,832.7087893618146,183.07963274531556,67.66516762545962,161.35312046346974,0.8102779984474182,-1,-1,-1
231,59,956.8355793215223,153.8485448591672,86.30133303988657,202.1592272833834,0.824993371963501,-1,-1,-1
231,60,583.7784704865742,173.86776859504133,17.63314167147984,48.735537190082646,0.6625971794128418,-1,-1,-1
231,61,605.352012724473,177.13223140495867,14.618288600640804,42.735537190082646,0.6326662302017212,-1,-1,-1
231,62,762.0,170.0,16.0,43.0,0.6007606983184814,-1,-1,-1
232,58,848.6487484906315,182.39717111064357,75.66457457746321,177.4840080723753,0.8024617433547974,-1,-1,-1
232,59,981.2692276716006,152.95528194504155,94.94645790032139,217.58575470457953,0.7937567234039307,-1,-1,-1
232,60,580.6137321970283,174.78487060481143,17.24386700517945,47.499407524544914,0.6621339917182922,-1,-1,-1
232,61,601.4993574495049,176.98258445190686,14.700268570520793,43.03483109618628,0.605815589427948,-1,-1,-1
232,62,760.9744230944523,169.1322314049587,16.315616621012953,43.86776859504132,0.6668704748153687,-1,-1,-1
232,63,741.0,170.0,15.0,43.0,0.6612333655357361,-1,-1,-1
233,58,871.9148402658878,184.56193688137756,82.4791039530546,187.6528855414663,0.7357422709465027,-1,-1,-1
233,59,1012.1635682276377,148.90844726420335,101.79848280025297,226.81748584161713,0.8352548480033875,-1,-1,-1
233,60,574.8405372848675,172.7584487980186,19.08717088691954,52.43757163670708,0.6865148544311523,-1,-1,-1
233,61,597.1892483997509,176.95076370121825,14.94163920401133,43.85356442335454,0.6452701091766357,-1,-1,-1
233,62,759.7962153447623,169.7560881083685,16.054873945958796,43.24391189163149,0.6276057362556458,-1,-1,-1
233,63,740.0040401787761,170.86776859504133,14.388613857323959,41.264462809917354,0.5505028367042542,-1,-1,-1
234,58,902.3396057662903,187.94176802652777,86.60015479315386,189.196806631051,0.8160002827644348,-1,-1,-1
234,59,1050.1669084226048,146.65200245316686,109.28659560915618,231.60331347804276,0.7705353498458862,-1,-1,-1
234,60,569.7826939882934,172.81541566261475,19.907045175256115,54.69244012454043,0.6437239646911621,-1,-1,-1
234,61,592.3906968808568,176.95017630830785,15.490891289339425,45.5539732643101,0.5532196760177612,-1,-1,-1
234,62,758.0141474399759,169.2076825049795,16.516882044873114,44.55867247133991,0.547038733959198,-1,-1,-1
234,63,738.1013386439865,169.4294381288227,15.372188095630166,44.141123742354566,0.6916266679763794,-1,-1,-1
235,58,942.0675923200553,189.33580263777137,91.14669593107399,188.2850576950138,0.7821398377418518,-1,-1,-1
235,59,1091.0137543563235,143.88771148474362,115.23024229326418,235.16719599069603,0.8021296858787537,-1,-1,-1
235,60,564.4840528462926,174.2329103551711,20.51487063984736,56.12953831981473,0.5764671564102173,-1,-1,-1
235,62,756.5095645919348,169.0286050869003,17.14824656185995,46.43313055435117,0.46361249685287476,-1,-1,-1
235,63,737.155945009275,170.4671233054215,15.694293021252072,45.03080489420739,0.6857834458351135,-1,-1,-1
236,58,998.8481875505547,190.5200776575867,98.28547315299066,188.32485438177508,0.72938072681427,-1,-1,-1
236,59,1125.7545875451258,142.82760864975884,114.4585445107114,236.3480272530956,0.6459206342697144,-1,-1,-1
236,62,755.2427248677072,168.97117515742383,17.548846489999598,47.76114198852701,0.5327072739601135,-1,-1,-1
236,63,736.1506276789639,170.13871340649843,16.546499466171127,47.4412955608237,0.6411851048469543,-1,-1,-1
237,58,1033.8832584358754,171.76640625286646,71.46761098011557,136.2948281392255,0.5721813440322876,-1,-1,-1
237,59,1117.3614945598742,173.14245307222168,108.55159727275972,205.88114500975888,0.8044319748878479,-1,-1,-1
237,62,753.8150610995162,168.9560554385056,17.67598170587569,48.20919274894672,0.5650904178619385,-1,-1,-1
237,63,734.3989282245057,169.33321164824096,16.94430561572807,48.24154722853549,0.725939154624939,-1,-1,-1
237,60,552.8776639259005,174.24264158035163,21.170082725458325,57.958813380343074,0.5992634892463684,-1,-1,-1
238,62,750.8429931358208,168.2796520512696,17.971175311856037,49.00833175824439,0.6993004679679871,-1,-1,-1
238,63,731.9727550443106,168.35462583101335,17.30933396271187,49.1486391746166,0.7427470088005066,-1,-1,-1
238,60,543.9842657757299,172.93747143955864,22.579842063017157,61.43692418141978,0.6993553042411804,-1,-1,-1
239,62,747.3733791222273,167.36382665347534,18.221023078524752,49.940915601101366,0.7552177309989929,-1,-1,-1
239,63,728.9821746068704,167.32884807406074,17.671085855587766,50.104381302778776,0.758444607257843,-1,-1,-1
239,60,534.4035921411255,172.49138648060793,23.006659033373083,62.62981926530767,0.6506484746932983,-1,-1,-1
239,61,566.1690690155856,178.00789270794883,15.884811149231084,46.96329563292819,0.6057760715484619,-1,-1,-1
239,58,1081.6851480246385,158.4848413959942,60.00648663406515,117.32865573913836,0.6524838805198669,-1,-1,-1
240,62,744.4611856069988,167.0256037483038,18.31990439367977,50.260927116449835,0.6952217221260071,-1,-1,-1
240,63,725.4020368546031,165.62827721163836,18.15763511029499,51.745118827569165,0.711059033870697,-1,-1,-1
240,60,525.3452327277467,171.6427052502034,23.794147215712414,65.03700219394995,0.6625368595123291,-1,-1,-1
240,58,1101.3135406770864,159.75346949887418,57.15156394804745,112.79762617636284,0.6168081164360046,-1,-1,-1
241,62,742.0027200667855,166.90885700485606,18.54705597003842,51.00846690915541,0.7010510563850403,-1,-1,-1
241,63,722.8178289256948,165.6550887838328,18.27005057687652,52.32762568924137,0.7082096934318542,-1,-1,-1
241,60,515.0261577798138,171.3085401376646,24.527028526980473,67.23396883653828,0.8066934943199158,-1,-1,-1
241,58,1116.597828289067,155.22606672778372,59.19793554834068,119.85541194966844,0.7850197553634644,-1,-1,-1
241,64,1091.0,173.0,42.0,99.0,0.6955269575119019,-1,-1,-1
241,61,552.391093388032,178.12913828173538,16.482786311245945,48.61044859081982,0.6418741345405579,-1,-1,-1
242,62,739.0778284157417,167.53267096578426,18.806536182975588,51.92135758692355,0.747996985912323,-1,-1,-1
242,63,720.0431937381302,165.69359155662158,18.72316450739635,53.812825384702144,0.7050653100013733,-1,-1,-1
242,60,504.2114757925558,171.817244117887,25.25506068080971,69.35189203669607,0.7669587731361389,-1,-1,-1
242,58,1134.69903986003,153.70486250637646,61.86187255763238,127.61445213882831,0.7388126850128174,-1,-1,-1
242,64,1104.9808144731703,170.39669421487602,45.27804047514716,106.80991735537191,0.6346365213394165,-1,-1,-1
242,61,544.8265180886835,176.78794514047996,17.41328273262906,51.623342383339704,0.6657569408416748,-1,-1,-1
243,62,736.5802402749399,167.78075727536563,19.185202806171358,52.24230479335223,0.7427692413330078,-1,-1,-1
243,63,717.5666554003461,165.07561259294414,19.242609421125454,55.644657136690405,0.5915171504020691,-1,-1,-1
243,60,493.3931303792721,172.00918744462015,26.28330782825203,72.07854247453993,0.7660134434700012,-1,-1,-1
243,58,1159.3426478747003,157.13676704040347,63.44957872477283,131.8795144539748,0.5835787653923035,-1,-1,-1
243,64,1125.0411028627077,171.4539185444563,47.53940558193576,111.93625768511185,0.6878135800361633,-1,-1,-1
243,65,514.0,174.0,21.0,59.0,0.7664475440979004,-1,-1,-1
244,62,733.9026904141076,166.57180011520109,20.301297556806578,54.95674607913826,0.7475100755691528,-1,-1,-1
244,63,715.1519039971265,166.1450917906064,19.24909005756288,55.66815450481079,0.7294961810112,-1,-1,-1
244,60,481.1094368838222,171.4359808230111,27.84500060069219,75.6722230200564,0.8164757490158081,-1,-1,-1
244,58,1178.2455240573934,155.28181099544196,66.77225629429387,141.39191233634492,0.793723464012146,-1,-1,-1
244,64,1143.991833071259,171.86648631336226,50.81876333213974,119.43140631082255,0.7130224704742432,-1,-1,-1
244,65,506.01035269486994,174.0,22.227228494557657,62.47107438016529,0.6952151656150818,-1,-1,-1
244,61,529.4881538269401,177.82354225626284,17.822721465382735,52.79951515252975,0.6481743454933167,-1,-1,-1
245,62,730.8681751788396,167.4057991718645,20.99304093878052,56.60981003089187,0.7282071113586426,-1,-1,-1
245,63,712.427850934148,167.24168816346236,19.05949501284185,55.61970457976739,0.6394461989402771,-1,-1,-1
245,60,468.8676355093067,171.84372440424178,29.07592482592948,78.31604165017046,0.7420483231544495,-1,-1,-1
245,64,1170.8035014870586,175.50851153480096,53.2214246580206,123.99125019228882,0.6677550673484802,-1,-1,-1
245,65,497.4995050104232,174.0,23.00697098510911,64.59247798161638,0.7212257981300354,-1,-1,-1
245,61,520.8031231363536,178.07595228477172,18.180080927164422,53.62538787285323,0.650243878364563,-1,-1,-1
246,62,727.3164960577441,167.74322415162567,21.622281669791754,58.51360693561851,0.7484739422798157,-1,-1,-1
246,63,709.4410615350868,167.0224954648981,19.745534963792053,58.173742162315335,0.7204386591911316,-1,-1,-1
246,60,456.24558379635255,171.36215026898296,30.29611422247617,81.22909152876645,0.7754415273666382,-1,-1,-1
246,64,1190.651636516105,174.112213615577,56.027084490173614,132.2733768315956,0.7110679745674133,-1,-1,-1
246,65,487.48693625989245,174.74254693956883,23.734853493650522,66.72620702835717,0.7561405301094055,-1,-1,-1
246,61,512.219336908575,178.1610681314718,18.925028836564746,55.230016578286914,0.6603555083274841,-1,-1,-1
247,62,724.8447687039081,168.52174612413825,21.60768996711643,58.57963493431517,0.7685648202896118,-1,-1,-1
247,63,707.1289839735024,166.9433897234054,20.528414019282962,60.40446225353824,0.7705692052841187,-1,-1,-1
247,60,443.5170564979155,170.53039266686136,32.1223651225157,85.51455567087608,0.8177344799041748,-1,-1,-1
247,65,476.9998359544699,174.28029764155198,25.01806559244057,70.24013139742952,0.7850521206855774,-1,-1,-1
247,61,505.3721377621761,178.18295105979766,19.598157700959664,56.480546421762675,0.6828882694244385,-1,-1,-1
248,62,722.5535821634821,167.53386389549846,22.479977797639798,61.154373564701025,0.7265815138816833,-1,-1,-1
248,63,705.0985234976829,166.27695654276818,21.300761066973433,62.52342677262895,0.7805166840553284,-1,-1,-1
248,60,429.64247154900386,169.56830613427977,34.55388083501938,91.58589994417713,0.800595223903656,-1,-1,-1
248,65,464.884280963561,172.73440911541053,26.985302886532516,75.53659098123018,0.7908442616462708,-1,-1,-1
248,61,496.3859656477327,177.53038726120386,20.649430132749497,58.898817705146165,0.716955304145813,-1,-1,-1
249,62,720.839865712713,167.7983591390019,22.668883860519276,62.11319289313677,0.7113275527954102,-1,-1,-1
249,63,703.9009756259674,166.02078520278403,21.903774030843724,64.59490991575525,0.7699878811836243,-1,-1,-1
249,60,414.5003360554574,168.56016583826414,36.39204787692395,96.45167814281407,0.8264011740684509,-1,-1,-1
249,65,455.25957009779984,171.49750600331012,27.84831154311071,78.09450863771461,0.7395278215408325,-1,-1,-1
249,61,488.83797874644745,177.27187002237207,20.585929431364292,58.52917821955933,0.6822972297668457,-1,-1,-1
250,62,719.8165000378854,167.9067241654881,23.612571874810428,64.38040141162018,0.7265792489051819,-1,-1,-1
250,63,703.4421441184629,167.20745050643717,22.252598757958303,65.36439869079085,0.7874751091003418,-1,-1,-1
250,60,396.4776568143281,167.52665713482008,38.89178977329953,102.74420162224041,0.8521884083747864,-1,-1,-1
250,65,444.40696484624544,169.7090499599255,29.969605162120548,83.56701183263809,0.7238397598266602,-1,-1,-1
250,61,480.36079558741824,177.81131166546749,21.071040532174543,59.66051427910432,0.6979066729545593,-1,-1,-1
251,62,721.0829590932852,168.59105914789953,24.615326325252962,66.50724469547019,0.7804137468338013,-1,-1,-1
251,63,703.1363937917507,167.68530296140332,22.79324937634638,66.9011554206055,0.8068552613258362,-1,-1,-1
251,60,378.3513614213325,168.3698639868521,40.944584832969475,108.32199446992149,0.8143120408058167,-1,-1,-1
251,65,435.47451422381334,172.24824738128288,30.462811793565518,84.30936392153653,0.7760686874389648,-1,-1,-1
251,61,472.21602292927025,178.6594890343324,21.101639771212344,60.07563532669672,0.7427247762680054,-1,-1,-1
252,62,722.8336266892499,168.86099217086553,25.83145089120861,69.861766920368,0.75960773229599,-1,-1,-1
252,63,704.1668228935341,168.5163487245423,24.029088472657723,70.6697936985166,0.8143264055252075,-1,-1,-1
252,60,359.554439763132,168.71627292565864,43.40124066144061,114.8758468499864,0.8244031667709351,-1,-1,-1
252,65,427.4984613723584,173.95677374027935,31.84656739849199,87.69355331965819,0.7804120779037476,-1,-1,-1
252,61,464.68543447482944,179.63005779759362,21.920191368589993,62.1688381468076,0.7526082396507263,-1,-1,-1
253,62,725.7130368252226,168.96581184626507,27.08417674485418,73.67909722710485,0.8041673898696899,-1,-1,-1
253,63,706.4317501895212,169.47353805278192,24.65431393226584,72.73228361180539,0.8238239884376526,-1,-1,-1
253,60,339.7669664146876,168.23312776922148,46.92979712852555,124.30205757336249,0.8356351256370544,-1,-1,-1
253,65,418.7916068112679,175.26552241630742,33.83343472661625,92.77525107706596,0.790369987487793,-1,-1,-1
253,61,458.45950129639164,180.63714009225905,22.85265882794322,64.88641482740063,0.7736974358558655,-1,-1,-1
254,62,728.6161936983414,167.74078441109853,28.549881819141717,77.67641535116604,0.825310468673706,-1,-1,-1
254,63,709.2351360412406,169.21584632147417,25.677000132066002,75.41108835251082,0.790194571018219,-1,-1,-1
254,60,318.5844104278482,167.42167884341848,51.13383102869851,134.8278916491692,0.842119038105011,-1,-1,-1
254,65,408.71249118530534,174.50811984402665,36.32322125679571,99.13618254098837,0.8017646074295044,-1,-1,-1
254,61,452.503095270019,181.65828780167874,23.000978291880237,65.2780428842205,0.747814416885376,-1,-1,-1
255,62,734.4650435931046,167.2517928400318,29.89205329936687,81.11047031315901,0.8034394383430481,-1,-1,-1
255,63,713.5229961446564,169.11091376363194,26.771733291285777,78.962746505644,0.7948651313781738,-1,-1,-1
255,60,295.6778408060548,167.71290368418164,56.05612467932007,146.42508589138964,0.8368170857429504,-1,-1,-1
255,65,398.9171955754989,174.832842074137,38.630410155816605,104.72947346499359,0.7666343450546265,-1,-1,-1
255,61,447.5621152597336,182.69243255470968,23.63554277535096,67.33825679992239,0.7572154402732849,-1,-1,-1
255,66,343.0,172.0,35.0,107.0,0.8149983882904053,-1,-1,-1
256,62,742.1294809849549,167.69006124722026,30.553205968979814,83.05487833177928,0.7700546383857727,-1,-1,-1
256,63,719.2431751036955,169.06718551440764,28.044777475755716,82.84861810718024,0.7917971014976501,-1,-1,-1
256,60,270.72556171744145,167.21975175523232,62.136482680675314,160.29517660404187,0.8360035419464111,-1,-1,-1
256,65,386.04323499212177,175.59183950390138,40.95559475511079,110.65031749022296,0.78302001953125,-1,-1,-1
256,61,441.0687484784478,182.43264152444914,25.06932216249052,71.32239058470024,0.7727574110031128,-1,-1,-1
256,66,333.20449175753964,172.86776859504133,36.367875989052955,111.33884297520662,0.7112963199615479,-1,-1,-1
257,62,750.1618322029659,167.2325176304781,32.33353246250819,87.5766194079758,0.8056167960166931,-1,-1,-1
257,63,724.9644825792013,168.41532129741947,29.237880908467382,86.86424496928895,0.7890770435333252,-1,-1,-1
257,60,241.32043417728454,165.7949600919893,69.87221772762135,178.73306915862727,0.8985781073570251,-1,-1,-1
257,65,372.3010065016115,177.150685120125,43.821366368486885,118.57288716388345,0.8358598351478577,-1,-1,-1
257,61,437.1547095978183,182.95663464746312,25.54188262206188,72.2042768311245,0.7497084736824036,-1,-1,-1
257,66,321.4788907927008,173.78379873545884,38.28316871128763,117.45184451641079,0.7927273511886597,-1,-1,-1
257,67,395.0,179.0,37.0,99.0,0.7120740413665771,-1,-1,-1
258,62,760.5335097611306,167.6855054862492,33.67164322109882,91.19248214816704,0.8526918888092041,-1,-1,-1
258,63,733.7714143948568,168.7856300183295,30.52124957935879,90.2961430608105,0.7657973170280457,-1,-1,-1
258,60,205.9934096939798,163.3907750265791,77.5248219918206,197.7345869699417,0.8452749252319336,-1,-1,-1
258,65,357.34157640625074,177.149098104289,46.83206514066057,126.64329072535965,0.823986291885376,-1,-1,-1
258,61,432.1367893471831,183.14671124061914,26.76349274822527,75.72100107203553,0.7937628030776978,-1,-1,-1
258,66,309.82098070970983,174.07289749928432,40.03090997097244,123.08856802400852,0.8138044476509094,-1,-1,-1
258,67,391.08084093893547,179.8677685950413,34.42509498163316,92.05785123966942,0.7352568507194519,-1,-1,-1
259,62,772.8091872127931,165.97295932968973,35.5624173303284,96.35989454139322,0.7937687039375305,-1,-1,-1
259,63,744.0125585950673,167.66772195648616,32.081196064961425,94.7592758817522,0.8131833076477051,-1,-1,-1
259,60,163.38334914027175,160.57412344778066,83.733474831388,212.17096609420503,0.8154556751251221,-1,-1,-1
259,65,341.92635004546383,175.8969163585669,50.4406965409065,136.02413632840918,0.823824405670166,-1,-1,-1
259,61,428.1524782808527,181.93636678861264,27.787750333943624,78.95938234697057,0.8472748398780823,-1,-1,-1
259,66,296.186039946146,174.14545216247797,42.71344182399977,131.96335417089156,0.7656343579292297,-1,-1,-1
259,67,386.7525238518049,178.40847322447587,36.50067521561772,97.30752130097646,0.8011504411697388,-1,-1,-1
260,62,786.3774253921025,162.7803799733387,37.65305789334755,102.12094372130885,0.8318960070610046,-1,-1,-1
260,63,756.6663105024542,164.07038170094958,33.70816638735159,99.61840286978055,0.8022215366363525,-1,-1,-1
260,60,111.43969398834813,158.79474825251913,88.06431155537378,217.98917300345386,0.7586256265640259,-1,-1,-1
260,65,325.2063258800891,172.90343810282832,55.335503244148654,149.01347108370675,0.8316724896430969,-1,-1,-1
260,61,425.07206232215134,181.44524343419127,28.397976865919386,80.8303137485746,0.8646021485328674,-1,-1,-1
260,66,280.4033057647371,166.02752405736584,47.688819183842945,148.5575330540549,0.7920048832893372,-1,-1,-1
260,67,378.82202337661107,174.97510202084686,39.29783504143057,104.15475632714711,0.8269087672233582,-1,-1,-1
261,62,781.6107529891024,160.25487895550776,38.64023754801053,104.9819726958755,0.8595371246337891,-1,-1,-1
261,65,305.4446310418449,169.8452815545109,61.5481996701158,165.24166419772126,0.8234613537788391,-1,-1,-1
261,61,422.70873944541864,180.600128229126,28.787277135249393,82.79466561776339,0.8295753002166748,-1,-1,-1
261,66,265.04163762083516,166.82548104266743,50.08211215330108,156.63239585438865,0.7643029093742371,-1,-1,-1
261,67,373.26085046042346,173.12541504574483,42.646924900677604,112.09085130288898,0.8270087838172913,-1,-1,-1
261,68,810.0,158.0,41.0,107.0,0.7898290753364563,-1,-1,-1
261,69,1.0,158.0,126.0,218.0,0.7826701998710632,-1,-1,-1
262,62,789.6567461828972,157.98167093748535,42.199825541349526,114.26174695696422,0.8148936629295349,-1,-1,-1
262,65,281.2084238600026,169.20515891815535,68.09449013565144,182.7622279951488,0.8331606984138489,-1,-1,-1
262,61,418.0883020008931,178.98134866491841,30.281962288348467,86.7142942975697,0.8057035207748413,-1,-1,-1
262,66,246.08147673631845,167.22441876434323,52.297560209052584,164.05110158300343,0.7584177255630493,-1,-1,-1
262,67,366.82840566802105,175.9140741408833,44.172046116847355,115.51321613387135,0.8025137186050415,-1,-1,-1
262,68,828.112590902402,155.39669421487602,44.69217356709684,116.54545454545455,0.7892107367515564,-1,-1,-1
263,62,805.8888095616587,157.7228898409886,45.293356779322586,121.57890311431971,0.7866555452346802,-1,-1,-1
263,65,253.7462771809653,167.12141776785438,75.08248693952746,202.05309887464273,0.8423258662223816,-1,-1,-1
263,61,414.0120043458603,177.07823165497973,31.863921575823046,90.74020428859578,0.8295556902885437,-1,-1,-1
263,66,224.53973986522846,166.78360294785855,56.31864784047216,176.9592497946125,0.6286131143569946,-1,-1,-1
263,67,357.5398957030568,175.73257556127263,48.73388236248548,126.6527402960797,0.8650637865066528,-1,-1,-1
263,68,851.6297484161443,156.44683520661488,46.65784734794905,121.20829574180941,0.8079929351806641,-1,-1,-1
264,62,824.7722739860051,157.01638107138723,48.59112895502551,130.06910108433917,0.8330734968185425,-1,-1,-1
264,61,409.41055251682826,176.96033101974825,33.698266191388235,94.81425333896027,0.8006579875946045,-1,-1,-1
264,66,204.95990762217673,164.113261630135,65.48232898006302,202.63859971780536,0.8027241230010986,-1,-1,-1
264,67,347.40742772551454,174.38949150047176,52.950714732023584,136.54341716623932,0.8407738208770752,-1,-1,-1
264,68,877.4359729336086,156.8637290449314,50.30729437185252,130.00271046131715,0.8144834041595459,-1,-1,-1
265,62,846.6871871988874,154.88343056315006,52.79284058135931,140.86399994028122,0.8261377811431885,-1,-1,-1
265,61,405.35551585206105,178.81932562170056,35.38369706342257,97.00298633654774,0.8227546811103821,-1,-1,-1
265,66,164.80058661016906,161.83466710521938,71.8053432572451,214.02744303468586,0.7211332321166992,-1,-1,-1
265,67,332.73016494100955,171.3302810995247,59.03900060762679,151.12049520178812,0.8697737455368042,-1,-1,-1
265,68,904.2115167609792,156.30796930742923,54.57983585544827,139.88793208468653,0.8470532894134521,-1,-1,-1
266,62,869.6743015930743,150.32862110975947,58.08367808876696,155.64222478235675,0.8581687211990356,-1,-1,-1
266,61,399.64759707427567,178.2927863868194,37.578840105043106,101.62212301795185,0.8077852725982666,-1,-1,-1
266,67,314.4550025297554,171.36937521578398,64.71119043352012,164.91146893462016,0.8610634803771973,-1,-1,-1
266,68,933.1341155776972,153.40940853229736,59.66678376327357,152.06798812205847,0.8869184255599976,-1,-1,-1
266,70,447.0,178.0,15.999999999999998,49.0,0.6155309081077576,-1,-1,-1
266,69,28.506245046886747,163.87886435331234,125.85691053714132,212.1211356466877,0.7043081521987915,-1,-1,-1
267,62,897.2886266148257,146.65921847719486,62.5664982152058,168.28894287165684,0.8587501645088196,-1,-1,-1
267,61,392.4781692107921,176.8207718823006,39.6755089986345,105.90710920960673,0.8466955423355103,-1,-1,-1
267,67,290.4123551449567,171.4174613071092,71.937687953646,182.14497629968457,0.8492435812950134,-1,-1,-1
267,68,970.4139111843461,148.39375225534945,65.7784640184142,165.63920638479837,0.8982668519020081,-1,-1,-1
267,70,446.4178540144121,177.1322314049587,16.29652337613451,49.86776859504132,0.47834357619285583,-1,-1,-1
267,69,20.92414497488413,163.48804283304491,128.05890556420403,212.51195716695509,0.6814193725585938,-1,-1,-1
268,62,928.936240845852,142.71021288536713,68.38791264998642,184.443395332118,0.837693989276886,-1,-1,-1
268,61,384.2094959862807,176.2376653276512,40.87114181113983,108.8026826720085,0.8047648668289185,-1,-1,-1
268,67,260.3991093547628,168.39105474626717,80.55380055732536,201.91588837042073,0.8058120012283325,-1,-1,-1
268,68,1013.1084045367516,145.14882295382736,72.66908939977792,179.05657424955132,0.8211476802825928,-1,-1,-1
268,70,446.5603298810828,176.2093981052633,16.63628886565379,50.79060189473671,0.3826909363269806,-1,-1,-1
268,69,0.7332506017849454,153.5411496397254,132.74281221875006,222.45885036027457,0.5497037768363953,-1,-1,-1
269,61,375.01801467091775,176.64773645889264,42.658568765698355,112.41303275479179,0.8384234309196472,-1,-1,-1
269,68,1061.0301385812013,141.3585077592921,82.99067144883308,199.31677360375681,0.7867429256439209,-1,-1,-1
269,70,446.12270289133346,176.68216231450526,16.973960843861818,51.825195422462684,0.6150829195976257,-1,-1,-1
269,71,984.0,138.0,82.0,215.0,0.7760966420173645,-1,-1,-1
269,65,205.72399436201417,168.5419701533354,82.10169012274334,209.06931431024066,0.7669318914413452,-1,-1,-1
270,61,364.1771987886602,176.81530238562357,45.38788358782186,118.8454350739927,0.8145814538002014,-1,-1,-1
270,68,1114.8380712116336,137.3903506413427,95.46879213237536,225.21038358619938,0.7945183515548706,-1,-1,-1
270,70,445.030648620881,176.14064481285175,17.52137828882803,53.59051418687705,0.7091299295425415,-1,-1,-1
270,71,1026.0514756265634,132.79338842975204,91.61605701133625,240.16528925619835,0.7745875716209412,-1,-1,-1
270,65,160.7305910153529,167.58150692757658,89.50258234579414,209.690679742875,0.678380012512207,-1,-1,-1
271,61,354.02384431133396,175.62326018037268,48.416351986505994,126.35169216835966,0.8130205273628235,-1,-1,-1
271,68,1162.814942626012,137.6138849514145,95.8531868922106,236.8997920236341,0.6973403096199036,-1,-1,-1
271,70,444.5152686773752,176.65948885353,17.992117794519704,54.86792427008603,0.6581768989562988,-1,-1,-1
271,71,1083.068849026452,129.65702767268635,94.93862400575108,246.78311707891908,0.6103724837303162,-1,-1,-1
271,69,32.606762349442974,165.7257250144677,132.62395286969556,210.09022550123183,0.7083007097244263,-1,-1,-1
272,61,342.0637384928872,175.77943944537924,50.68640969104636,131.77443558704903,0.872789204120636,-1,-1,-1
272,70,443.85502020726375,177.5440567203477,18.44943833499256,55.97004425730767,0.6590330600738525,-1,-1,-1
272,71,1131.9283401659584,122.75214668542145,98.23110849571331,254.4801523663893,0.5162894129753113,-1,-1,-1
273,61,330.11564452147786,174.58880283245122,54.90020750998,142.04498583275816,0.8175235986709595,-1,-1,-1
273,70,443.0918543063555,179.2228213544553,19.005369142454544,57.67954630889508,0.6731337904930115,-1,-1,-1
274,61,317.9894989816423,178.48493120000552,57.89615201290966,149.15428168043118,0.871131181716919,-1,-1,-1
274,70,442.1664000412642,179.8483940452964,19.85178135148126,60.26893547322108,0.6430239677429199,-1,-1,-1
275,61,302.5120267861946,181.33403378039606,61.840302665810825,158.80596456668903,0.8901763558387756,-1,-1,-1
275,70,440.82178599852546,181.38063249097618,20.87498991516588,63.17340928229934,0.7013852000236511,-1,-1,-1
276,61,285.6193110069196,181.84808145257503,65.80979297459952,168.17922692784458,0.8925849795341492,-1,-1,-1
276,70,438.73916613244256,182.6083458936459,21.18823655178736,63.60861968367694,0.7546077370643616,-1,-1,-1
277,61,262.5339028468419,177.67863291936976,72.26364557319697,182.44513093122393,0.8287539482116699,-1,-1,-1
277,70,436.80175131752947,181.76704468850852,22.27102574358508,65.66166224033243,0.8067002892494202,-1,-1,-1
277,72,414.0,176.0,23.0,71.0,0.6589833498001099,-1,-1,-1
278,61,236.97279902322808,174.14811908710237,79.32896517045883,197.34065719676005,0.8597236275672913,-1,-1,-1
278,70,434.19966456560434,178.19834741245097,23.85532210136756,69.63618937922536,0.7853387594223022,-1,-1,-1
278,72,410.3840033758618,171.66115702479337,24.157613082987012,74.47107438016529,0.7619490623474121,-1,-1,-1
279,61,207.66616390420342,176.4150335763248,82.14588789839198,200.1813873939549,0.7752351760864258,-1,-1,-1
279,70,430.40887804585435,176.8067583670047,24.97379849093865,72.41252648604055,0.8060973286628723,-1,-1,-1
279,72,406.19668225184114,170.91214675995997,24.609689369230516,75.83405499103549,0.7652537226676941,-1,-1,-1
280,70,428.06177273397634,176.88834102576467,25.87134334606198,74.73160543016637,0.8144119381904602,-1,-1,-1
280,72,402.1212725402692,169.99831894859005,25.746390475627535,79.21854946568362,0.7479304671287537,-1,-1,-1
280,73,652.0,172.0,21.0,66.0,0.7184786796569824,-1,-1,-1
280,62,1089.6949941565736,179.39367927988636,39.156096198609326,103.86052401702186,0.6261873841285706,-1,-1,-1
280,67,158.2821795358085,177.96502175339157,84.66851155621453,198.41173535811672,0.7987557053565979,-1,-1,-1
281,70,423.4818811675683,178.20175509640012,27.2122789033325,78.7790336425919,0.7744848728179932,-1,-1,-1
281,72,397.89325834814167,171.16634654523688,27.056897846956595,83.15455955196424,0.755657434463501,-1,-1,-1
281,73,656.9367179792279,173.73553719008265,21.539787182040122,67.73553719008264,0.5895065069198608,-1,-1,-1
281,62,1113.3693611735364,176.08644105641636,42.58108631179815,111.70754812739754,0.72379469871521,-1,-1,-1
281,69,91.2249293668022,176.84048758175706,127.3813228974527,198.25434530021658,0.7247342467308044,-1,-1,-1
282,70,418.65485830836604,178.71869681070763,28.79322961776655,82.85008384020928,0.815007209777832,-1,-1,-1
282,72,392.54320629194297,171.62172132805733,28.556165764024776,87.91450688945054,0.6209139823913574,-1,-1,-1
282,62,1143.7561310019805,174.53895618790864,48.760062902816586,122.09488885268175,0.7806689739227295,-1,-1,-1
282,69,46.694990230568834,177.20540275817527,136.6829549831423,198.56329224690177,0.8088054656982422,-1,-1,-1
283,70,413.47917308367545,180.18689638027234,29.694209820623197,85.67238742547002,0.8012686967849731,-1,-1,-1
283,72,385.5713828600998,172.47285519518073,29.955364999091852,92.25940840205593,0.8048279881477356,-1,-1,-1
283,62,1177.4744339644951,173.26035499555772,52.764537463642476,131.25737999988922,0.7366321086883545,-1,-1,-1
283,73,668.6278126216268,173.19013192953358,23.31175221906884,73.37096539201038,0.7625504732131958,-1,-1,-1
284,70,406.741483765078,178.23538871583608,31.87991672364901,93.06818430909472,0.8299282789230347,-1,-1,-1
284,72,377.3431895338628,171.49508366804997,31.34453854512393,96.43851428751127,0.8725498914718628,-1,-1,-1
284,73,675.1859274808047,173.09046940102934,23.743946224134774,74.99545594175696,0.7210761308670044,-1,-1,-1
285,70,398.9795723352381,176.84637624423868,33.69268736756332,99.04323774650359,0.8263053894042969,-1,-1,-1
285,72,370.119656848266,171.11572035931027,33.0680349275395,101.84154148935104,0.7301453948020935,-1,-1,-1
285,73,682.1052683994192,172.35368202463303,24.67663004094201,78.27461310867383,0.6887681484222412,-1,-1,-1
286,70,390.2431612924307,176.2805236850527,35.72977396583747,105.7605770435995,0.8081708550453186,-1,-1,-1
286,72,358.9730814038039,169.6903037413209,35.2698717655938,108.33742257245545,0.8243401050567627,-1,-1,-1
286,73,688.7922170330031,172.75949217188693,25.05365520824146,80.0759648988758,0.7044015526771545,-1,-1,-1
287,70,379.4675176586505,176.67777829022168,38.105480444954914,112.75255711927123,0.8137952089309692,-1,-1,-1
287,72,345.7407129754688,170.40102729138042,37.55734554940713,114.60870931045228,0.8451641201972961,-1,-1,-1
287,73,696.2555269363734,172.917729890268,26.181453231845342,84.00658278865389,0.6519361734390259,-1,-1,-1
288,70,365.4106838971349,176.2198942521336,40.57096809088085,120.4721273043982,0.8573274612426758,-1,-1,-1
288,72,329.89038523183444,168.80131290113403,40.30966599319712,123.31567990507686,0.818941056728363,-1,-1,-1
288,73,703.7336994981057,172.32331755593137,27.389388927820246,88.04522435855347,0.7410910725593567,-1,-1,-1
289,70,349.21006297023547,174.17357124588634,43.51704470541763,130.33651870650215,0.8532170653343201,-1,-1,-1
289,72,311.79246141799115,166.91694656250468,43.340268910087744,132.94625209162692,0.8570176959037781,-1,-1,-1
289,73,710.4444931586335,171.44464787656142,28.875665526208188,93.4175098260974,0.7565081119537354,-1,-1,-1
290,70,331.5606127450917,174.5852113291535,46.70804546279364,139.1800447583759,0.8687988519668579,-1,-1,-1
290,72,289.9706474953727,165.54124800401664,46.54075285342592,142.3225276876738,0.8561541438102722,-1,-1,-1
290,73,719.0395130989892,168.54687777915922,31.193551679074705,101.19499167821552,0.821636438369751,-1,-1,-1
290,74,547.0,178.0,13.0,36.0,0.6303234696388245,-1,-1,-1
291,70,310.0049516669756,173.52250296478604,50.94208188367946,151.34826269615453,0.8632051348686218,-1,-1,-1
291,72,265.3123731908977,162.50862322961925,50.58932085239745,154.70169028815707,0.8285419344902039,-1,-1,-1
291,73,726.5756886767455,167.40668142730996,32.951266840441114,106.714946934048,0.7988770604133606,-1,-1,-1
291,74,546.6936704540831,176.26446280991735,13.612659091833747,37.735537190082646,0.5874068140983582,-1,-1,-1
292,70,282.80711460815877,172.4814343223465,56.60306407766551,167.8720723900392,0.830653190612793,-1,-1,-1
292,72,236.52487281360285,158.82424979486592,56.26543374175862,171.93901650381397,0.8521382808685303,-1,-1,-1
292,73,737.2726500373127,166.9598248278582,34.92140271869843,112.61901004983935,0.8085345029830933,-1,-1,-1
292,74,546.1208271946812,175.9648907505369,13.994357787584066,38.79909707251666,0.5279484391212463,-1,-1,-1
293,72,230.75974900084876,165.27194418177402,62.258764728165325,188.62101227576372,0.8514055609703064,-1,-1,-1
293,73,750.2780833182812,166.1670542004639,37.36675094319426,120.54275137883312,0.8277466297149658,-1,-1,-1
293,74,546.5845475913503,175.8977683281766,13.558902734997854,37.62814654489031,0.5361475944519043,-1,-1,-1
293,75,182.0,157.0,69.0,197.0,0.8249227404594421,-1,-1,-1
294,73,762.6828623429778,164.6133034573284,39.81547591557257,129.24099696509282,0.8256702423095703,-1,-1,-1
294,74,546.3915595530589,175.16307842595955,14.135303510936065,39.402315093777496,0.5215694308280945,-1,-1,-1
294,75,192.45817481059368,169.1487603305785,71.51340244492836,203.94214876033058,0.7643287777900696,-1,-1,-1
294,76,496.0,169.0,18.0,54.0,0.6535382270812988,-1,-1,-1
294,69,100.92335434035883,155.60269166354848,135.0465858130131,218.55304049999933,0.7812432050704956,-1,-1,-1
295,73,778.8674426776262,162.1325325739134,43.5566561916809,140.73794599818302,0.750435471534729,-1,-1,-1
295,74,546.4184061896075,175.62868823414405,14.144711356243441,39.28041169728414,0.5283594727516174,-1,-1,-1
295,69,112.89385300111431,165.42649755570315,124.9529589176034,208.62876783305427,0.6720309853553772,-1,-1,-1
295,77,65.0,154.0,98.0,220.0,0.6269958019256592,-1,-1,-1
296,73,795.2378910206988,160.52569831929625,47.89121126389627,153.3141974107478,0.7912415862083435,-1,-1,-1
296,74,546.5622476082979,175.12905488692377,14.57247038681737,40.59147086994269,0.5490736961364746,-1,-1,-1
296,77,60.61367940223725,168.75206611570246,92.88834367486433,206.98347107438016,0.7581361532211304,-1,-1,-1
296,78,0.0,151.0,94.0,225.0,0.7750710248947144,-1,-1,-1
296,76,491.5262097234368,167.150765606596,20.475260176212345,61.39693757361602,0.6014755964279175,-1,-1,-1
297,73,813.6535756793545,158.04105899090615,52.85400357904728,168.18151529491072,0.8354030847549438,-1,-1,-1
297,74,546.8264669922147,174.2825478954104,14.973712987008536,41.72301570978501,0.5670872330665588,-1,-1,-1
297,78,-2.25369523088456,164.88429752066114,88.09416732127325,211.11570247933884,0.7654755115509033,-1,-1,-1
297,76,488.0924432792934,165.4688083772857,22.176435520118616,66.68378097444639,0.6207684278488159,-1,-1,-1
298,73,838.0368827321316,158.26577727661953,57.51874104918991,182.11097369593134,0.8350983262062073,-1,-1,-1
298,74,546.4538891672976,173.97555904136186,15.395832016085544,42.790386049473916,0.694091796875,-1,-1,-1
298,76,483.90398311639314,164.1916684424775,23.9194022151444,71.96216531267095,0.6502612829208374,-1,-1,-1
298,79,416.0,164.0,40.0,97.0,0.6546127200126648,-1,-1,-1
299,73,864.1263838908645,157.15718208753268,64.3005158387917,203.65932833219057,0.8214067816734314,-1,-1,-1
299,74,545.5341209712647,174.53271065172345,15.782149509556922,43.82980898124063,0.7263121008872986,-1,-1,-1
299,79,407.34854146703003,168.3388429752066,38.212007975030765,92.66115702479338,0.5252536535263062,-1,-1,-1
300,73,897.1738702600504,156.11098073467883,68.61364827840603,216.58757922089578,0.7986027002334595,-1,-1,-1
300,74,544.6280648281348,176.72580127703978,15.719775676256504,43.54485394658621,0.7367331981658936,-1,-1,-1
300,79,393.1420797308225,170.66534932355486,39.54589699297308,95.89582264117081,0.5850919485092163,-1,-1,-1
300,80,528.0,176.0,14.999999999999998,44.0,0.6875050067901611,-1,-1,-1
300,76,473.3290230692072,165.61763034940122,23.731941743612467,71.07286623493954,0.786177396774292,-1,-1,-1
301,73,941.088790581609,153.85690955318987,72.26777199787381,223.60355840756512,0.7523178458213806,-1,-1,-1
301,74,543.1369012743783,178.2477373326655,15.994601127803952,44.05866823626471,0.73909592628479,-1,-1,-1
301,79,378.3719923473976,171.30516043729426,41.59665837340832,100.69576934341636,0.512715756893158,-1,-1,-1
301,80,526.3994154076709,175.13223140495867,15.597863399534416,45.735537190082646,0.7175281047821045,-1,-1,-1
301,76,465.89222385856647,165.48382316820567,25.932496348556572,77.22214271617293,0.7408844828605652,-1,-1,-1
302,74,541.5089598491911,178.16365335745297,16.267896529433948,44.887753081903945,0.6992815732955933,-1,-1,-1
302,79,358.27803151088375,170.0033359169866,46.802996180066614,113.01724782742978,0.6136720776557922,-1,-1,-1
302,80,524.3342461774347,174.21587443665686,16.21235244470368,47.568251126686306,0.7085846662521362,-1,-1,-1
302,76,457.1172732757108,164.1519778099247,29.44265131797638,87.05155602970963,0.7521921992301941,-1,-1,-1
302,81,1018.0,152.0,119.0,224.0,0.6478619575500488,-1,-1,-1
303,74,539.0031537583694,176.8176360895509,17.548300572312854,48.44806783936347,0.6713255643844604,-1,-1,-1
303,79,338.6735346812538,168.8522055202858,52.03134695153893,125.32611402668942,0.6672820448875427,-1,-1,-1
303,80,521.4497317757682,172.4433442916931,17.153420335559993,50.370713683935854,0.7675290107727051,-1,-1,-1
303,76,445.6301618111108,162.37380899637802,32.00034596533374,93.92703896481368,0.7717962861061096,-1,-1,-1
303,82,1096.0,145.0,146.0,231.0,0.7419790625572205,-1,-1,-1
303,83,620.0,169.0,15.0,39.0,0.6507614850997925,-1,-1,-1
304,74,536.5175569560662,175.66903983945423,17.936862131526087,49.78487441524695,0.7106987833976746,-1,-1,-1
304,79,314.7030319639012,167.08800280779164,56.52576023228003,135.7755061156301,0.6232982277870178,-1,-1,-1
304,80,518.6189035968605,171.8615753392998,17.717163429843193,51.98744545652358,0.7634907960891724,-1,-1,-1
304,76,433.4768745133975,161.62725548599303,33.77237356574567,97.92756940489637,0.6843054294586182,-1,-1,-1
304,83,622.1792254139779,169.86776859504133,14.980392147251058,39.0,0.631515622138977,-1,-1,-1
305,74,535.3106843945762,176.4907348880726,17.914502336067205,49.63721393050642,0.6681525111198425,-1,-1,-1
305,79,286.5442292201161,167.63994255848166,61.28020917317368,146.74467801748753,0.6388849020004272,-1,-1,-1
305,80,516.6050866792592,171.699460327829,18.65917098583892,54.560382542062726,0.7508036494255066,-1,-1,-1
305,76,418.4270420979875,160.03954427048058,37.954046566235995,108.99741786658255,0.6789791584014893,-1,-1,-1
305,83,623.7198468076532,169.2368413561445,14.980955990432454,39.0,0.5997779965400696,-1,-1,-1
305,84,639.0,169.0,16.0,42.0,0.6460859179496765,-1,-1,-1
306,74,533.7683063313006,178.11983205064982,17.502949075888687,48.23360082417812,0.6489821672439575,-1,-1,-1
306,79,249.6402814493395,168.49562040129405,69.22466640492902,162.9058121258089,0.5478084087371826,-1,-1,-1
306,80,514.0092151510635,173.010364875908,18.82452203594631,54.77734170045766,0.7505466938018799,-1,-1,-1
306,76,401.0275285739315,158.1801728722545,42.928775616852974,122.58081155127638,0.7099096179008484,-1,-1,-1
306,83,625.355018530028,167.49651272269415,16.414149353351945,42.81625592581255,0.5922519564628601,-1,-1,-1
306,84,641.340799414868,168.13223140495867,15.657244145470774,41.13223140495868,0.5323618650436401,-1,-1,-1
306,85,832.0,169.0,31.0,70.0,0.650141716003418,-1,-1,-1
307,74,530.9823770651466,176.77536891421022,18.49731143299287,50.94203718338481,0.7198327779769897,-1,-1,-1
307,79,199.83482785534386,167.60586700462218,79.88811925048589,186.56941347658886,0.6031668186187744,-1,-1,-1
307,80,510.8702912002262,172.21469675780193,19.32803009525321,56.10107480496207,0.7942143082618713,-1,-1,-1
307,76,377.4233881289063,156.1991593328359,49.471101788601196,139.06045278004927,0.7577377557754517,-1,-1,-1
307,83,627.4033278494894,166.94031653626627,16.593305007354274,43.34113765781424,0.5082541704177856,-1,-1,-1
307,85,841.6229355160452,167.26446280991735,32.580575248901276,73.47107438016529,0.5309092998504639,-1,-1,-1
308,74,527.3708170911688,174.35298734954887,19.559043448387104,53.85888518031747,0.7550403475761414,-1,-1,-1
308,80,507.5650262225785,171.92883379431126,19.93665113378678,57.86409020896526,0.7839406728744507,-1,-1,-1
308,76,351.8585908970273,154.17130070064303,56.7974193097425,154.87720004337905,0.6769794821739197,-1,-1,-1
308,83,629.7890959656554,167.47946425362062,16.00700067205311,42.04742146188744,0.6517509818077087,-1,-1,-1
308,85,850.9470432504376,166.96482575876104,34.3261249396502,77.12455221805206,0.6889520883560181,-1,-1,-1
309,74,523.8807186303264,176.5882166017048,20.363882795072392,56.24982226114868,0.7064695358276367,-1,-1,-1
309,80,505.54729262146185,176.4092527006568,19.203861827403973,55.870483929069046,0.6937978863716125,-1,-1,-1
309,76,312.991085452585,150.2932845368965,68.02627910659207,180.7978987505682,0.696030855178833,-1,-1,-1
309,85,863.345580896729,166.89434416940765,35.89990115317398,80.49816688281453,0.750359296798706,-1,-1,-1
309,78,20.324720707039475,162.10166230835847,95.00782319436459,213.97417935945728,0.6949225664138794,-1,-1,-1
309,84,651.3365045163563,168.90694720065292,16.307495419318812,42.88606706031162,0.5692643523216248,-1,-1,-1
310,74,520.632684568959,177.48453869348165,21.305817491081427,58.43672458731587,0.7992381453514099,-1,-1,-1
310,80,502.12014638877116,175.53428066959796,20.433252417241352,59.65877034425623,0.7787225842475891,-1,-1,-1
310,85,879.4245438209695,166.89092719805325,37.822423566244495,84.39743763203133,0.7873955965042114,-1,-1,-1
310,84,654.7871709971746,168.99741011637582,16.67840634699296,43.823350744955356,0.43835967779159546,-1,-1,-1
310,86,223.0,144.0,109.0,232.0,0.765827476978302,-1,-1,-1
310,83,635.0980711207156,171.07716038208085,15.968299158530247,42.121399943917694,0.510403037071228,-1,-1,-1
311,74,517.7397015481644,179.75025822601918,21.16337453041624,57.98949802137571,0.7423858046531677,-1,-1,-1
311,80,499.3602198294585,176.5013272080865,20.71887935370459,60.38701990006386,0.7033297419548035,-1,-1,-1
311,85,894.488655695641,166.9017433764601,40.46225529347178,89.80224489808583,0.7807143926620483,-1,-1,-1
311,84,659.0356769552759,169.0256873266286,18.06662970190884,47.57072698497125,0.6469252705574036,-1,-1,-1
311,86,165.5992065132828,137.92561983471072,112.72720680814511,238.07438016528926,0.7516745328903198,-1,-1,-1
311,83,637.7947011988396,170.4903335650624,17.264671900595744,45.50755158437433,0.6325182318687439,-1,-1,-1
312,74,513.7755916294966,179.35858928087828,21.685356901400628,59.044115184417215,0.748092770576477,-1,-1,-1
312,80,495.7612763972283,176.23363836174173,21.495286646982034,62.558065411114235,0.7544663548469543,-1,-1,-1
312,85,910.1364824232695,164.9220337513985,44.51308401131464,98.35011534392649,0.7203391790390015,-1,-1,-1
312,84,661.2995558855204,167.7187222768659,18.30985092308963,48.25107003489358,0.504750669002533,-1,-1,-1
312,83,640.4576778178296,168.9901796705266,18.145954921517294,47.94557023932665,0.5323566198348999,-1,-1,-1
312,79,50.89228178792882,133.59791231467352,115.13089693679603,243.23607202345215,0.7519058585166931,-1,-1,-1
313,74,510.6607234426473,176.62334990909034,23.234311346350506,62.638975984488326,0.815437912940979,-1,-1,-1
313,80,492.40177398966574,173.54742232379328,22.652902861538625,65.93232170275476,0.7759250998497009,-1,-1,-1
313,85,926.3550781920959,164.16634715153063,46.23565108156161,101.54432908231445,0.7630268335342407,-1,-1,-1
313,83,644.2362549067597,168.39614651405296,18.022899712510764,47.575712421411524,0.6438525319099426,-1,-1,-1
314,74,507.3579514698441,175.569488664025,23.669115517152978,63.998328677105526,0.7579489350318909,-1,-1,-1
314,80,489.3465832507111,173.136718594422,22.89982678415271,66.56876659478834,0.8060365915298462,-1,-1,-1
314,85,948.0539578779154,162.59073818330458,49.00756463282683,105.85356787382763,0.8227337598800659,-1,-1,-1
314,83,647.2950131088886,165.51698667669191,19.207303285189617,51.34483984817995,0.7641679048538208,-1,-1,-1
314,84,668.3301125265023,165.6401235132363,19.572998526807606,52.21740567370416,0.6153833270072937,-1,-1,-1
315,74,504.19578960135686,173.8688811312843,24.472838878279347,65.76802026770594,0.7793866991996765,-1,-1,-1
315,80,484.4454207342577,170.3988942899764,24.121396270876733,69.97462006284385,0.8228177428245544,-1,-1,-1
315,85,969.59669856017,160.70570789736033,52.02922463592398,111.25613972471142,0.767717719078064,-1,-1,-1
316,74,500.75573130759045,172.56786681346554,25.47702411819879,68.97807588180034,0.7288835048675537,-1,-1,-1
316,80,480.23582432124914,169.34899083229416,24.886564250715068,71.88912198371266,0.8208848237991333,-1,-1,-1
316,85,995.905398447108,158.0721335773541,56.17302268242192,118.35223059898522,0.7860429286956787,-1,-1,-1
316,83,653.5889089837677,165.1005162468041,19.18286238568929,51.298942637892644,0.5177987217903137,-1,-1,-1
316,84,677.7107777819077,164.44970923690056,19.14381704816064,51.342392212082196,0.7415404915809631,-1,-1,-1
317,74,497.495877424654,172.7030554398963,26.633513804793214,72.09974045842085,0.8084129691123962,-1,-1,-1
317,80,474.4296379566838,169.58714120355853,25.974926397011213,74.50531199255485,0.8635139465332031,-1,-1,-1
317,85,1024.9401709767544,157.04589738956923,60.7924395325222,125.46843476374707,0.8284826874732971,-1,-1,-1
317,84,682.1238438956735,163.502046760475,19.703069465525175,53.114441377954655,0.7204538583755493,-1,-1,-1
318,74,493.34717849589714,172.76826668521505,27.86243455421018,75.19200638242367,0.8043038249015808,-1,-1,-1
318,80,468.2600829143182,169.69545090226922,27.335183188612096,78.03042034538589,0.8256068229675293,-1,-1,-1
318,85,1056.4105937530976,154.77738459464354,67.31175881105136,136.9902750002459,0.8070225715637207,-1,-1,-1
318,84,686.0674130612188,163.8329214352265,20.943153290095257,56.34106449615443,0.7696746587753296,-1,-1,-1
318,83,661.4839512379824,165.86375281681774,20.36277531680223,54.968519686655384,0.6456120014190674,-1,-1,-1
319,74,490.56143503707546,175.9736161839603,28.861196447505577,77.00119412096521,0.8450531363487244,-1,-1,-1
319,80,462.703529830046,171.01878001817394,28.585927946461194,81.26957135473886,0.8669232130050659,-1,-1,-1
319,85,1092.856781152123,154.5083659024229,73.55353963034591,147.70301542857464,0.8065418601036072,-1,-1,-1
319,84,691.6934404908035,165.2433151808386,21.34288570390732,57.55434832237234,0.7069108486175537,-1,-1,-1
319,83,665.0508684901048,166.6632661262924,20.99040514305265,56.42670465944215,0.6891013383865356,-1,-1,-1
320,74,487.1012097515018,179.17576704866931,29.024650370726206,77.65674447681924,0.7944641709327698,-1,-1,-1
320,80,456.5650007490894,172.19126639267563,30.16868211746036,85.66618753689141,0.8919718861579895,-1,-1,-1
320,85,1135.3374447002288,153.1915329249499,81.84171339051208,161.84866005201687,0.8664925694465637,-1,-1,-1
320,84,696.9769824430567,166.4453724907388,22.177781835331412,59.9584411490394,0.7201005220413208,-1,-1,-1
320,83,668.8172438865975,165.01652145932297,22.70369696878291,61.494595727968544,0.7303907871246338,-1,-1,-1
321,74,482.51378323888065,179.79974571834492,29.920237661662274,79.77466732849263,0.725121021270752,-1,-1,-1
321,80,451.0710456301166,173.2919246581088,30.795205438299732,87.34941908500771,0.8398516774177551,-1,-1,-1
321,85,1157.6314227299697,105.9932149177905,106.87663077540837,223.99653805905618,0.5841334462165833,-1,-1,-1
321,84,702.2027997460884,166.2599733312221,22.9621723040778,62.1543680307965,0.7945433855056763,-1,-1,-1
321,83,672.8863124430211,165.65305661612294,23.053878648060316,62.77718896618205,0.7469288110733032,-1,-1,-1
321,87,415.0,170.0,28.0,62.0,0.6083614230155945,-1,-1,-1
322,74,476.45799095189506,178.75462773625594,30.635366482060505,82.46817418101871,0.7442436218261719,-1,-1,-1
322,80,445.7887217103802,171.82760643654024,32.3698166737384,91.76017015047782,0.8721358776092529,-1,-1,-1
322,84,708.2159910537283,164.25410894712007,24.03874101040009,64.91473538874078,0.727738082408905,-1,-1,-1
322,83,678.2445440727428,163.98770346804804,23.809799695796052,64.53717614731366,0.729182779788971,-1,-1,-1
322,87,410.87416181519205,169.1322314049587,28.44175901424397,62.86776859504132,0.6062645316123962,-1,-1,-1
323,74,470.92702231775365,178.33705426063298,31.64450812171363,86.02337118877301,0.7936379909515381,-1,-1,-1
323,80,440.0989875244176,171.25592841311823,33.45113866345433,94.69646194725276,0.8698785901069641,-1,-1,-1
323,84,715.2406614215885,162.8268448640083,25.070330587012176,67.2446804982317,0.7619934678077698,-1,-1,-1
323,83,683.2835787213788,161.41345027687518,25.049648782790662,67.75712099911932,0.7148759365081787,-1,-1,-1
323,87,404.06262898840487,167.4333002344304,29.874369826349945,66.11666261221275,0.6326586008071899,-1,-1,-1
324,74,468.44078133425074,179.43948316022866,32.83022721286131,89.27414602311705,0.7657687664031982,-1,-1,-1
324,80,433.3843687617101,169.7621943794874,35.40322778715252,100.23070178889235,0.8479074835777283,-1,-1,-1
324,84,721.6134566836685,162.26368350828005,26.27508231527948,70.68501199369685,0.7888776063919067,-1,-1,-1
324,83,689.5941388640083,162.95670736974103,25.550565802259516,68.98351146600265,0.7470884919166565,-1,-1,-1
324,87,397.66085023372045,166.90031431884634,30.722681973345153,67.88902855255787,0.764247715473175,-1,-1,-1
325,74,462.5024814973893,180.5080716229827,35.13382721420621,94.94934513430806,0.8572446703910828,-1,-1,-1
325,80,426.40399383619956,169.80845002872317,37.472469589840145,106.12756354118626,0.8438122868537903,-1,-1,-1
325,84,728.8619633323885,161.41128632846494,27.77739402018321,74.54017124251844,0.7717182040214539,-1,-1,-1
325,83,695.8748107533524,163.5822975356097,26.256410308152795,70.70686395237466,0.7894263863563538,-1,-1,-1
325,87,389.6695333762206,167.48774086281242,32.18794395764238,71.28332285412145,0.5911918878555298,-1,-1,-1
326,74,455.25945634147416,179.66338264648144,37.80558694496847,101.53857163714962,0.8590936660766602,-1,-1,-1
326,80,417.52551194804033,171.09020518108662,39.3962037323084,111.54921016490768,0.834261953830719,-1,-1,-1
326,84,735.6097199812866,162.34281429800663,29.183808999903537,77.92420133336277,0.8441186547279358,-1,-1,-1
326,83,701.6367767181691,163.82984180313315,27.350994130324697,73.26414833358355,0.8004475235939026,-1,-1,-1
326,87,381.53584592342366,168.41123834316824,33.35000365768932,73.78922821750977,0.7931453585624695,-1,-1,-1
327,74,447.65177092372767,177.44023136090175,40.94633908445898,109.74413771588544,0.8386754989624023,-1,-1,-1
327,80,407.15195160160755,172.24170144644512,41.46312158743568,117.4088847211766,0.8444884419441223,-1,-1,-1
327,84,742.2325395136355,162.08732876240413,30.408925183412737,81.12303757930971,0.8359416723251343,-1,-1,-1
327,83,707.7625676706748,162.65117252204243,29.35565233252704,78.69370295970012,0.8214823603630066,-1,-1,-1
327,87,372.5961307485941,168.0973395361993,35.270270146652734,78.00017484101193,0.6918239593505859,-1,-1,-1
328,74,439.2733258019622,177.16570768505392,43.68289507915516,116.08257814971458,0.8354751467704773,-1,-1,-1
328,80,396.2976049373508,172.70646114025203,43.388275016916836,122.80470436237927,0.8586136698722839,-1,-1,-1
328,84,748.6951117222778,160.08897145874792,32.40217033399612,86.77574036943572,0.8328298330307007,-1,-1,-1
328,83,713.3578532486209,161.56440009551704,31.100102206641033,83.2965247588345,0.8065831661224365,-1,-1,-1
328,87,363.51048987869103,169.95598281727817,35.97122787587226,79.5106527299843,0.6814193725585938,-1,-1,-1
329,74,429.0993569464404,175.1800389764835,46.673701840226464,124.81067497567966,0.8295881748199463,-1,-1,-1
329,80,382.34906595589706,171.00766054940664,46.02924909737952,131.1567210255307,0.8389930725097656,-1,-1,-1
329,84,756.8089131038029,159.93260033389987,33.10168608134277,88.96175894709376,0.7960048913955688,-1,-1,-1
329,83,719.9375287885458,160.50260823114894,32.2896980546763,86.35101422063748,0.8015874028205872,-1,-1,-1
329,87,351.3689219699247,168.71881870532582,38.20422832785666,84.58272673802318,0.6521015167236328,-1,-1,-1
330,74,416.37215285794997,176.8675624310103,48.5670903843272,130.72047073156594,0.7969916462898254,-1,-1,-1
330,80,367.4225155394523,169.70791807309706,49.215958608866266,140.64224923340547,0.8886827230453491,-1,-1,-1
330,84,764.5666476233966,157.97661727268533,34.783921065451416,93.57028171992887,0.8106500506401062,-1,-1,-1
330,83,725.4482874806674,160.08270804717688,33.66755501747741,90.04288141892886,0.7655783295631409,-1,-1,-1
330,87,336.75481316255474,168.24384464846787,39.39893698531749,88.38811852325432,0.6547859907150269,-1,-1,-1
331,74,401.12774125786746,178.81350226895717,51.57558336566077,139.25921085236203,0.8426505327224731,-1,-1,-1
331,80,350.82232087445834,171.05286414095895,52.06016412889074,148.09850869924267,0.7849044799804688,-1,-1,-1
331,84,772.8429637946715,157.2148425530226,36.68702878039734,98.48215283626348,0.8129276633262634,-1,-1,-1
331,83,730.899025818247,159.9242364372597,34.98274332359969,93.34387481839192,0.8249053955078125,-1,-1,-1
331,87,320.0948253165129,168.05646424043158,40.95674418567228,93.6422685393328,0.6467606425285339,-1,-1,-1
332,74,381.58264048022244,179.5929112849317,54.9830984881784,148.18856981599,0.8314992785453796,-1,-1,-1
332,80,332.1274837520552,172.23227137008132,55.62827973429724,159.1181084161834,0.8464736342430115,-1,-1,-1
332,84,782.6438305771327,157.5513938720755,39.198972769251306,102.8914239463213,0.7825681567192078,-1,-1,-1
332,83,735.9594087311517,157.9702497779296,37.63985985350402,100.92244890275859,0.8130136728286743,-1,-1,-1
332,87,303.4029875369538,169.25441223968508,41.954521762839136,97.53597790636643,0.626410961151123,-1,-1,-1
333,74,361.4788328176906,178.66111240877615,58.03363046387058,156.6614283228569,0.8382492065429688,-1,-1,-1
333,80,311.4574132508242,172.70674216953813,58.893761937206605,168.40037870827044,0.8656510710716248,-1,-1,-1
333,84,791.603762081558,157.69918016481654,41.087068631775985,107.73063063613687,0.8150458931922913,-1,-1,-1
333,83,743.7678011550165,158.45752780860215,39.34607413661206,105.72644900749559,0.8777968287467957,-1,-1,-1
333,87,284.44674258035457,168.46801862022386,43.98989097334394,103.43303702899391,0.7385557889938354,-1,-1,-1
334,74,339.9698559788812,179.52518306042748,62.66631036792912,168.6880292467438,0.8620834946632385,-1,-1,-1
334,80,288.1211342519006,171.03229503286605,62.49824618851691,178.88046640435002,0.8376628756523132,-1,-1,-1
334,84,800.7643175438844,156.50879779630264,42.873423893239604,113.3620690347718,0.8684298992156982,-1,-1,-1
334,83,751.173134204842,156.15798035539615,42.525581677895985,114.4972864045501,0.7674389481544495,-1,-1,-1
335,74,315.93784057120376,179.87050014942656,67.12578339216833,181.4660918093358,0.8411546349525452,-1,-1,-1
335,80,261.13099251114727,171.5995875394578,66.55942383413995,189.8172599772464,0.8536176681518555,-1,-1,-1
335,84,812.7568241531197,154.78633857319872,45.37747761959944,121.1854118505287,0.8070223331451416,-1,-1,-1
335,83,759.1499409685383,155.25199459362628,44.69223913518053,120.40996963809725,0.8309329152107239,-1,-1,-1
336,74,289.52306373431776,181.24423894261594,70.46811922252496,190.85574139800386,0.8174648880958557,-1,-1,-1
336,80,231.1648178279195,171.20945219075332,71.34037335315095,201.55536617783608,0.7892782092094421,-1,-1,-1
336,84,827.4602589900031,151.6117618099312,48.66989869191506,131.09980203616084,0.8350186347961426,-1,-1,-1
336,83,768.1390318544546,153.64781836610712,47.48489961389951,128.342216806094,0.7916064858436584,-1,-1,-1
337,74,261.90257993986773,178.68972336897738,73.62651536793457,198.24833411299545,0.7713953852653503,-1,-1,-1
337,80,196.67057438496232,169.8090680727289,74.42638141877178,207.38641216867606,0.6955750584602356,-1,-1,-1
337,84,843.1696490943423,148.4863834014742,51.75898783177463,139.3495298708252,0.779298722743988,-1,-1,-1
337,83,779.4779167175154,149.9030175005512,50.90985644938433,137.04422458997973,0.8138791918754578,-1,-1,-1
338,84,860.4986991155737,144.7422723929368,56.194894570666655,150.68804946162058,0.7963876724243164,-1,-1,-1
338,83,791.7045767476504,148.4067025650561,53.45675139355047,144.81161450988824,0.8309279680252075,-1,-1,-1
339,84,878.3023139579396,141.39800726837865,59.448739552352016,160.1112147635752,0.8615666031837463,-1,-1,-1
339,83,805.2207242926028,145.9534620449361,56.3106733418548,153.4530090932183,0.8313761949539185,-1,-1,-1
