1,1,489.0,139.0,63.99999999999999,196.0,0.831712007522583,-1,-1,-1
1,2,398.0,148.0,103.0,212.0,0.8009259700775146,-1,-1,-1
2,1,502.9922686622178,135.5289256198347,64.65182631192816,197.73553719008265,0.8881999850273132,-1,-1,-1
2,2,408.2165531045249,146.26446280991735,103.39334007194195,213.73553719008265,0.7655442357063293,-1,-1,-1
3,1,515.1404707663816,138.04017710869357,66.2369931072751,201.91650762077523,0.8490684628486633,-1,-1,-1
3,2,422.04625841976156,145.18993305006038,104.9426566548649,219.4713155485432,0.8811740279197693,-1,-1,-1
4,1,526.7883240347862,140.4057464656799,65.75848248210096,198.6939759037805,0.86324143409729,-1,-1,-1
4,2,436.0863613080522,141.8704482138539,106.10133736846124,224.27343442495953,0.7896361947059631,-1,-1,-1
5,1,536.532474271077,140.40909923100892,68.31741280663917,204.15025216638924,0.7958433032035828,-1,-1,-1
5,2,448.1238680341674,142.97877871770777,102.49862896344037,218.4739764594547,0.7947657704353333,-1,-1,-1
6,1,543.6888724262383,141.0750781339795,69.8263725494378,207.35186716242885,0.761924147605896,-1,-1,-1
6,2,460.2789802782661,149.2200194511178,101.24078139113323,216.95016576238476,0.7448837161064148,-1,-1,-1
7,1,554.8692643170486,139.19970866126306,70.18193563688702,208.41550056900175,0.7997220158576965,-1,-1,-1
7,2,472.82413776635167,152.09155809481598,100.0009296620139,217.09201966433645,0.7357427477836609,-1,-1,-1
8,1,567.600150367243,138.47686329027715,70.58205806265673,210.75676303160452,0.811662495136261,-1,-1,-1
8,2,491.7040554419217,151.00766456441235,98.73713792047211,218.50532594954024,0.7563470005989075,-1,-1,-1
9,1,582.3523559421769,138.87302168436352,72.03298508425782,212.88946963484176,0.7819920182228088,-1,-1,-1
9,2,508.87255814542635,148.5284342950756,97.7919309400887,219.68327329450278,0.7962135672569275,-1,-1,-1
9,3,494.0,143.0,23.0,62.0,0.730338454246521,-1,-1,-1
10,1,595.2507056911056,138.34668165178263,75.6647286132345,217.6168718946348,0.7124216556549072,-1,-1,-1
10,2,528.1741036502957,147.5829436191475,98.78297279701688,222.11767032401545,0.7509291768074036,-1,-1,-1
10,3,495.02508084882714,142.13223140495867,22.685375492428317,61.13223140495868,0.6627650260925293,-1,-1,-1
10,4,232.0,139.0,68.0,174.0,0.7076780200004578,-1,-1,-1
11,1,603.5346032814361,139.4659919177106,77.27576142785033,218.65620191876897,0.6671537160873413,-1,-1,-1
11,2,541.3435814369442,152.56695183699966,96.82664687587223,217.65188878359646,0.6890274286270142,-1,-1,-1
11,3,497.030241284209,141.9839466807288,22.892484274671286,61.768118721638174,0.7185565829277039,-1,-1,-1
11,4,240.49726173523644,135.5289256198347,70.96415421547755,181.8099173553719,0.6927060484886169,-1,-1,-1
11,5,517.0,139.0,19.0,57.0,0.6801728010177612,-1,-1,-1
12,1,613.1496014073858,139.89017318340112,78.55309817647087,220.93701599062666,0.755268931388855,-1,-1,-1
12,2,550.3145129069904,152.4272570728809,96.79572113965772,217.93843336894366,0.7738385796546936,-1,-1,-1
12,3,498.9034178276514,143.47440165054326,22.703351449778257,61.21817994116205,0.7226631045341492,-1,-1,-1
12,4,251.48772215678076,136.46018426652694,70.78756635846433,181.6271959781,0.7385881543159485,-1,-1,-1
12,5,515.8299618985399,137.26446280991735,19.604539012837787,58.735537190082646,0.6899418830871582,-1,-1,-1
13,1,625.6453953311975,139.3837729917215,78.2857226734269,223.03734236606454,0.8595530986785889,-1,-1,-1
13,2,563.9207424010995,149.67914629694116,96.58217658271121,220.70893920003326,0.7822760939598083,-1,-1,-1
13,3,500.52913912930416,144.70873122594355,22.696245013732934,61.03113472173729,0.7510379552841187,-1,-1,-1
13,4,265.64220625660306,138.35658839811208,71.2415609800861,182.91861742775959,0.6645987033843994,-1,-1,-1
13,5,515.4596648786692,137.73539605219045,19.276743671613918,57.49494263619052,0.6464307308197021,-1,-1,-1
14,1,641.9339661411389,137.20947575408746,79.26729679321521,227.0418339796751,0.8020973205566406,-1,-1,-1
14,2,578.5536132247164,145.32195235504804,95.68135852385753,225.04662726518083,0.7644197344779968,-1,-1,-1
14,3,501.62601914870413,143.6604948978328,22.88715984397418,61.692332461478216,0.6850327253341675,-1,-1,-1
14,4,279.40508384512566,139.7094594411149,71.41122568768934,184.01108698264073,0.6542181372642517,-1,-1,-1
14,5,515.850206973612,138.6938450592607,18.955179750737482,56.28702926008971,0.6475999355316162,-1,-1,-1
14,6,223.0,128.0,75.0,201.0,0.6763373017311096,-1,-1,-1
14,7,570.0,146.0,18.0,50.0,0.6652203798294067,-1,-1,-1
15,1,652.6761232647281,136.37853483396265,82.20028494506633,232.41489747310823,0.7634333968162537,-1,-1,-1
15,2,591.5397415123541,144.3326278455288,96.59996400861637,226.00421304654245,0.7772375345230103,-1,-1,-1
15,3,503.18379770771975,143.27377178936808,23.26887442958112,62.62262552192917,0.7461082339286804,-1,-1,-1
15,4,288.56698091271454,140.14060399458657,71.5645853246291,184.32621211012574,0.8130293488502502,-1,-1,-1
15,5,515.3238843828293,138.99733014199614,19.445961665578512,57.416668529607975,0.515182375907898,-1,-1,-1
15,6,233.6284409414071,125.39669421487604,76.30510158826026,204.47107438016528,0.695167601108551,-1,-1,-1
15,7,568.2305305097942,142.52892561983472,18.935633195287732,52.603305785123965,0.5684496164321899,-1,-1,-1
15,8,541.0,145.0,20.0,52.0,0.6089543104171753,-1,-1,-1
16,1,666.7309745972136,138.0182768141908,83.4741873776128,232.4360603860848,0.5872330069541931,-1,-1,-1
16,2,603.8500067137585,147.2674119520326,98.30831178138948,223.0316683332334,0.7109782695770264,-1,-1,-1
16,3,505.61061710871934,143.12505375864458,23.65987168901188,63.637203450471,0.7822322249412537,-1,-1,-1
16,4,300.8509280557274,138.86249619122128,71.32611040169425,184.3836337284333,0.7784985303878784,-1,-1,-1
16,6,236.9009881450213,126.49738838394467,75.95699434761119,203.51942761807948,0.6539293527603149,-1,-1,-1
16,7,569.1876941579791,144.21771488621204,18.859972099136264,52.29017091940005,0.5705719590187073,-1,-1,-1
16,8,541.7046513522423,144.1322314049587,20.326234485598064,52.86776859504132,0.6770244836807251,-1,-1,-1
17,1,675.2964954271737,138.6623714669209,85.23449686395796,232.32749511753596,0.7455093264579773,-1,-1,-1
17,2,610.749769414561,151.05834655647857,98.00452190221891,219.2023297509719,0.7173844575881958,-1,-1,-1
17,3,508.2380217633417,142.39083555322946,24.259498991331,65.34906899919504,0.7765901684761047,-1,-1,-1
17,4,316.7088222336217,136.99857195940257,72.84491291989069,187.1076904511801,0.7911301851272583,-1,-1,-1
17,6,245.56106163862046,124.61217542278446,76.95822235094818,206.96100459782522,0.6664898991584778,-1,-1,-1
17,7,570.8150982144808,145.61452484760147,18.55087194038338,51.37009928756289,0.5657460689544678,-1,-1,-1
17,8,541.9737398076745,144.7573048528559,20.08612432810174,52.24269514714408,0.7112149596214294,-1,-1,-1
18,1,688.6057108983003,137.59476729032713,85.91014538707005,231.53767769962607,0.7390713095664978,-1,-1,-1
18,2,626.169885084904,149.81656287619643,97.7893136018651,218.4107904070532,0.7576603889465332,-1,-1,-1
18,3,510.0536158456421,144.11043056217517,24.014714551749346,64.64155312076016,0.7268437743186951,-1,-1,-1
18,4,332.0572256176226,138.33532359736296,73.67888881622328,186.0413888971088,0.7382304072380066,-1,-1,-1
18,6,255.31460472226377,124.73511761514871,77.63470994067276,209.5181868441975,0.7072836756706238,-1,-1,-1
18,7,571.9203246159448,146.79441031054998,18.008311591906953,49.57594028710601,0.5045404434204102,-1,-1,-1
18,8,542.4096136257444,144.97454020104817,20.040199351485366,52.02545979895183,0.6228697896003723,-1,-1,-1
19,1,699.9480127846011,135.86988214402953,86.51629711225998,234.44444901158846,0.7331478595733643,-1,-1,-1
19,2,643.7159456448195,144.02915973287196,99.08585674063953,225.42138834279942,0.7328422665596008,-1,-1,-1
19,3,510.806618662134,142.09186537483527,24.954246251267552,67.02006018316594,0.7837822437286377,-1,-1,-1
19,4,343.30924651499834,137.48783892799946,75.34914163620475,186.9390970221174,0.7244817018508911,-1,-1,-1
19,6,268.8911090896174,124.09807808004383,78.83071990709266,212.45386115270665,0.7271111011505127,-1,-1,-1
19,7,572.4231006453579,147.1486026017158,18.20903311701388,49.722309281442456,0.5723831057548523,-1,-1,-1
19,8,542.5461517430537,142.0775092866606,21.487053001820634,55.66205708509944,0.6407163143157959,-1,-1,-1
19,9,1079.0,138.0,144.0,232.0,0.6682631373405457,-1,-1,-1
20,1,715.7600781136861,134.56600125972864,87.13268291735649,236.13710565146843,0.7204572558403015,-1,-1,-1
20,2,661.8617106164446,142.532690947824,98.54714755810242,227.36793607942118,0.8016350269317627,-1,-1,-1
20,3,512.9930845143493,141.34351497697529,25.331219221750416,67.88654338746102,0.7661362886428833,-1,-1,-1
20,4,352.38161760470956,137.83757566134202,75.911423433063,187.9101267302508,0.7473891377449036,-1,-1,-1
20,6,278.0975013175222,126.65799095469038,79.53939880298992,214.80199932452405,0.7924294471740723,-1,-1,-1
20,7,572.7125600568725,147.23882979086562,18.685692019342234,50.49706481584444,0.6275955438613892,-1,-1,-1
20,8,542.1217401596402,141.11878345272177,22.198451177880944,57.55729341245065,0.7394531965255737,-1,-1,-1
20,9,1052.075149420815,136.26446280991735,144.91581686084928,233.73553719008265,0.6019156575202942,-1,-1,-1
21,1,730.9474436667932,134.73127764555025,89.80521572339516,235.40073072656276,0.6300568580627441,-1,-1,-1
21,2,680.0013063233337,143.29063046586987,99.87025840007685,226.77231221889872,0.717316746711731,-1,-1,-1
21,3,514.3020715692314,141.058993168443,25.711584093845204,68.85000031729577,0.8112660050392151,-1,-1,-1
21,4,365.5611227751399,137.30142949835837,75.56592169760428,189.57364703552838,0.776990532875061,-1,-1,-1
21,6,287.715198471188,124.20272619606212,81.51272457578145,220.338520447294,0.7706316113471985,-1,-1,-1
21,7,573.4065837169692,146.55663470833264,18.99262354004563,50.785831266947305,0.5373250842094421,-1,-1,-1
21,8,542.0071150176192,142.1584811683156,21.65248371603263,56.17462615267518,0.6126835942268372,-1,-1,-1
21,9,1025.1766206100667,140.6294737205164,143.00912687343444,229.3705262794836,0.709659993648529,-1,-1,-1
22,1,748.6142962230542,136.78192489217884,91.106678136186,231.75217474356637,0.5518949627876282,-1,-1,-1
22,2,695.8580035462231,146.2421784212045,100.4885784962646,223.87110420765504,0.7207171320915222,-1,-1,-1
22,3,514.8785295215273,138.99032664841502,26.88020372395358,71.81451395565117,0.753098726272583,-1,-1,-1
22,4,378.6734643205508,137.09787508365818,76.10752959293528,192.15509724986606,0.7551031112670898,-1,-1,-1
22,6,295.3898094523039,125.97247176956586,80.70270437434118,218.95514758524723,0.7320492267608643,-1,-1,-1
22,7,574.2454736800966,146.2831719805461,19.236986773843668,50.89943538092058,0.49081987142562866,-1,-1,-1
22,8,542.9020123301638,142.60054608548612,21.584979789857243,56.264887478967374,0.6156566739082336,-1,-1,-1
22,9,990.7966954911899,148.2004418123557,139.072399168008,221.79955818764432,0.6582814455032349,-1,-1,-1
23,2,704.377777547065,145.3906776803503,103.11196723702005,224.73043921372476,0.6596235036849976,-1,-1,-1
23,3,515.788099830594,138.85759848724192,27.143126328799884,72.27328026615538,0.7859588861465454,-1,-1,-1
23,4,394.7486817698155,136.36215352073924,76.92243667791158,191.77571597283628,0.4376819431781769,-1,-1,-1
23,6,307.71260356663447,124.6470444019284,81.49078928334306,221.654263295253,0.7349852323532104,-1,-1,-1
23,7,574.4610290763254,146.16836731333393,19.453954172173265,50.94554993557641,0.2670520544052124,-1,-1,-1
23,8,543.9082188609844,144.12861132491702,20.85713089043084,54.24456732307166,0.4529358446598053,-1,-1,-1
23,9,961.5358011137101,148.95511299153486,138.5003405128198,221.04488700846517,0.7195990681648254,-1,-1,-1
24,2,717.559928164553,141.11657688239336,104.23614875242076,228.99936133047882,0.7219148874282837,-1,-1,-1
24,3,517.938666232363,140.78005313056775,26.768162324254025,71.10570502803206,0.7605631351470947,-1,-1,-1
24,4,407.8143611897476,140.05252027924274,77.54256086208466,192.24472359178242,0.7992307543754578,-1,-1,-1
24,6,321.71436354166053,124.81939963089064,80.92237949423844,219.92827579021338,0.8162773847579956,-1,-1,-1
24,7,575.1222918842084,146.11610003065678,19.655590932565733,50.96539898929925,0.48709598183631897,-1,-1,-1
24,8,543.7653606410419,144.03459058238803,20.90711045280985,54.138142801521205,0.539638102054596,-1,-1,-1
24,9,929.6825112909238,145.42616389575676,138.992409936504,224.57383610424324,0.7345864772796631,-1,-1,-1
24,1,775.1117427908601,133.9327428690463,92.58983359774541,236.0822439678828,0.66264808177948,-1,-1,-1
25,2,739.8713415259899,138.86045003751968,103.79850354751899,231.24671351165497,0.7667274475097656,-1,-1,-1
25,3,519.505596930233,140.88074064543102,26.98038674417369,71.93116308503015,0.7663705348968506,-1,-1,-1
25,4,421.7215444122119,142.10770270470834,77.3644917445159,191.06533535310038,0.7599152326583862,-1,-1,-1
25,6,331.82597379855423,123.5603539428492,82.93614303737301,223.84232321897414,0.7824875712394714,-1,-1,-1
25,7,575.9528421648621,146.08915418878271,19.845515643265834,50.97484169132911,0.5034064054489136,-1,-1,-1
25,8,543.2618312000526,144.00136766228525,21.13154538544444,54.76688307480171,0.504342257976532,-1,-1,-1
25,9,901.5928294607785,145.52071322209568,136.46186237049147,224.4792867779043,0.7622947096824646,-1,-1,-1
25,1,791.6988519164286,131.33940379660908,93.25453206794248,238.82688940076804,0.7673501968383789,-1,-1,-1
26,3,522.2852011253286,144.19346624822623,25.849784841350374,68.94931364912568,0.7218469977378845,-1,-1,-1
26,4,433.82546638471354,140.22399394054466,78.47978719859424,194.55554642845425,0.8206598162651062,-1,-1,-1
26,6,342.1580959729922,127.05197492580378,83.7823670732908,223.27083974366914,0.7766193747520447,-1,-1,-1
26,7,577.2235868455118,146.74039521593755,19.941966998351035,50.98001359434228,0.6452570557594299,-1,-1,-1
26,8,543.0723797203842,144.65690909694084,21.201322135080076,54.993613720604,0.524078905582428,-1,-1,-1
26,9,872.3854578477573,148.25566124548598,134.97025281606813,221.744338754514,0.5955721735954285,-1,-1,-1
27,3,524.7965947761885,145.48449286363365,25.698097027191537,68.42088553791434,0.7705749273300171,-1,-1,-1
27,4,447.3186449733032,139.50488460389806,77.90943954121941,195.83971960035674,0.8289454579353333,-1,-1,-1
27,6,353.01323888633823,128.39883276189454,83.98344358949386,222.96918638800182,0.7912545204162598,-1,-1,-1
27,7,578.7478087581521,146.97847383381213,20.486596300697688,52.31505065824416,0.6223022937774658,-1,-1,-1
27,8,543.598791084214,146.23548455424174,20.681576369500984,53.73938466953476,0.4156361520290375,-1,-1,-1
27,2,764.2311983419871,140.2719072181489,106.82873204717443,229.72094730123152,0.6840728521347046,-1,-1,-1
28,3,527.2527952868131,145.2875444470964,25.786688529027856,68.88032252113042,0.8205651044845581,-1,-1,-1
28,4,466.1221259484952,138.563245152089,80.93886572417314,199.57820091208865,0.879427969455719,-1,-1,-1
28,6,364.2203715991499,126.91574275015437,82.9532278674299,223.45465816100503,0.8258343935012817,-1,-1,-1
28,7,580.314151200712,147.7189004207596,20.616100368473834,52.81188421334899,0.6007917523384094,-1,-1,-1
28,8,543.9072457515543,146.83031523911683,21.594200705150925,56.609353409740095,0.6586806178092957,-1,-1,-1
28,2,773.9323811396828,142.77914468050972,107.43468936147616,227.1186851233009,0.6894945502281189,-1,-1,-1
28,9,829.5973489934717,140.39069337316207,138.205980452869,229.74143830618846,0.6640019416809082,-1,-1,-1
29,3,529.2407199855847,144.54190209840306,26.197418643862353,70.36419797352498,0.7784442901611328,-1,-1,-1
29,4,475.8662903460263,140.16345994344948,83.19745785258232,200.9609035674623,0.816533088684082,-1,-1,-1
29,6,375.07695824668116,125.02445824802153,85.05644627515804,231.51165919213437,0.7515101432800293,-1,-1,-1
29,7,582.361240023375,147.33525172496755,20.9874894110989,54.31323306776664,0.676108181476593,-1,-1,-1
29,8,544.0751289310813,147.04236999102443,21.80837846355486,57.64972512122496,0.5868140459060669,-1,-1,-1
29,9,795.1184463131721,140.5655082907595,137.61686632584133,229.67074502334964,0.7041630744934082,-1,-1,-1
29,1,871.0824999905855,139.02941400893312,93.47569186767365,231.09868230485807,0.6817068457603455,-1,-1,-1
30,4,483.3507870499781,140.77682383383944,84.02709125656597,202.75101207794117,0.7556782960891724,-1,-1,-1
30,6,387.5102870083251,124.96484898423829,86.16817963341416,231.24022828294667,0.7949659824371338,-1,-1,-1
30,7,582.8146930071083,147.83521759617548,21.053789243733544,54.22186718956803,0.40520066022872925,-1,-1,-1
30,1,888.9913284791029,137.17626071941348,95.52441794414388,232.88364682992392,0.6006265878677368,-1,-1,-1
30,2,825.5537471466043,139.08188584327957,108.46425385656373,230.8253619374735,0.5824354290962219,-1,-1,-1
31,4,496.3376250948089,135.76503360462772,84.72719625125382,209.27928602808956,0.7909250259399414,-1,-1,-1
31,6,398.2392994661807,127.57570643990637,88.31786728649499,235.63922273026552,0.7695474624633789,-1,-1,-1
31,7,583.5533745222606,147.36244773109811,21.167753388632534,54.8297191815776,0.6389568448066711,-1,-1,-1
32,4,512.8750793966835,135.80626267126507,85.05528233668784,214.30913095171863,0.8655312061309814,-1,-1,-1
32,6,409.943343095864,125.95511878486143,90.80339744490253,242.46969552958578,0.7731070518493652,-1,-1,-1
32,7,584.2879166736609,146.5211241737003,21.540315665655257,55.705375964472296,0.5453721880912781,-1,-1,-1
32,9,732.601377579501,152.75945003011543,121.49864165630648,207.11881611682998,0.8015673756599426,-1,-1,-1
32,2,875.9898056982792,139.65807201689609,113.19233976867923,230.2736860375285,0.6772138476371765,-1,-1,-1
33,4,531.1785755587349,139.7230836035768,85.10479088254293,214.8918404122302,0.8189929723739624,-1,-1,-1
33,6,420.6921626823663,125.33048235163227,90.86092586577371,245.01549887204948,0.7999535799026489,-1,-1,-1
33,7,586.2677447115838,146.84935772844938,22.13138880816687,57.33436264277738,0.3952421247959137,-1,-1,-1
33,9,712.4953218595259,152.59930636569774,115.85954464534278,206.30462829131426,0.8058594465255737,-1,-1,-1
33,2,890.6017914833554,142.56659076335183,116.16453029079426,227.3477582155334,0.6937078833580017,-1,-1,-1
34,4,546.806895272927,143.21536867798454,85.2774668223867,213.0680159870287,0.8061772584915161,-1,-1,-1
34,6,437.02671355715927,125.73999654559255,89.140103570864,242.64387793300872,0.7965221405029297,-1,-1,-1
34,9,693.6753170496462,154.605461966265,112.20829188490325,203.3029333851982,0.8501859903335571,-1,-1,-1
34,2,928.0579444287424,140.26644424267022,123.82619878725667,229.64549390698528,0.7147008180618286,-1,-1,-1
34,3,538.7376955736512,142.3787946249115,28.333090300805434,75.53311275864847,0.6648169755935669,-1,-1,-1
35,4,557.3475295294198,143.23663748046937,87.62320003916858,216.8816393653602,0.8381125926971436,-1,-1,-1
35,6,456.07231013116257,125.90146525418812,88.98995105491495,240.30271483343782,0.7534980177879333,-1,-1,-1
35,9,679.3030642561627,158.66712329450462,108.3302383481491,194.19511964205557,0.7708266377449036,-1,-1,-1
35,2,955.5772673798908,136.11595696616314,132.47598649476097,233.80003011882096,0.7061107754707336,-1,-1,-1
35,3,541.1282756434823,142.13610349449425,28.354832190515758,75.31555836909358,0.6434633135795593,-1,-1,-1
35,10,523.0,136.0,24.0,70.0,0.635478675365448,-1,-1,-1
36,4,572.7295728919307,143.23129998660863,87.7047361330534,218.26970778691182,0.8244116306304932,-1,-1,-1
36,6,469.18378426878496,129.25917223755573,90.12048498027912,239.33535490563483,0.7861374616622925,-1,-1,-1
36,9,663.2840215165295,158.0446856001768,106.33931480038827,193.70093956925774,0.7829039096832275,-1,-1,-1
36,2,976.6039492560855,135.21052136177357,138.63328309689282,234.71213980794982,0.6373691558837891,-1,-1,-1
36,3,542.6521821947786,142.70735532352086,28.933708502614593,76.54869515204555,0.7966427803039551,-1,-1,-1
36,10,523.0,136.86776859504133,24.0,70.0,0.4951245188713074,-1,-1,-1
37,4,587.660278367886,143.21290627440243,86.96036530078752,220.03844701439814,0.8099526166915894,-1,-1,-1
37,6,477.76169805766284,127.8889403781771,91.62216986484746,242.20787284788366,0.7803985476493835,-1,-1,-1
37,9,636.8591990799484,155.0732324520177,103.96244563714602,198.35263505525344,0.766593337059021,-1,-1,-1
37,2,1000.1008586605562,130.93725544724612,147.77116797961844,238.99358957129047,0.6051079034805298,-1,-1,-1
37,3,544.5568668765353,143.57289366772076,28.982539404567035,77.00028463840994,0.6708793044090271,-1,-1,-1
38,6,493.7099293144489,126.70673387830594,91.5273052701814,242.59010386278183,0.7496573328971863,-1,-1,-1
38,9,612.0443980614152,153.2883480206493,103.55641072405584,203.4561197168249,0.778831958770752,-1,-1,-1
38,2,1026.6731786181413,127.37949057292265,156.27229638904672,242.55838142680923,0.6427969932556152,-1,-1,-1
38,7,591.5383062402838,147.11404682655,22.93944101414144,59.79994199393486,0.5337129235267639,-1,-1,-1
39,6,512.6338324122164,126.24863305888715,90.51822381329363,243.3341246308902,0.7537397742271423,-1,-1,-1
39,2,1048.9207588893717,126.70821733306977,159.8374001376384,243.23626591641136,0.7152068614959717,-1,-1,-1
39,7,592.6028926926865,147.11107137490802,22.89192719551055,59.98957989894841,0.30960404872894287,-1,-1,-1
39,4,615.856769232201,145.73160167820794,90.94670131414905,223.51847964309536,0.7440014481544495,-1,-1,-1
40,6,529.2942995437362,127.38908705195523,89.97888871583793,242.90789514311714,0.7619594931602478,-1,-1,-1
40,2,1063.2636377446875,127.81107238660204,160.171124880112,242.13980840153243,0.41863250732421875,-1,-1,-1
40,4,628.0843135282541,144.34194634501884,91.47938744682313,225.90869746026925,0.7386533617973328,-1,-1,-1
40,10,523.3848021140201,135.0968301851766,25.158515695847107,72.89217988583097,0.6740940809249878,-1,-1,-1
40,9,575.1960202180686,158.61349663190575,98.29246168423157,197.40014617169567,0.6327351331710815,-1,-1,-1
41,6,548.8037655112264,131.11770540928148,87.43462484306745,234.78909859770124,0.7064380645751953,-1,-1,-1
41,2,1078.2063262336028,131.56918662837847,156.59090018226894,238.3875559449825,0.7318569421768188,-1,-1,-1
41,4,637.260424935159,140.54397094739517,92.16581168947017,230.04311353124902,0.726891279220581,-1,-1,-1
41,10,523.8357604176554,135.6517019982331,25.130346960663324,72.42133072359452,0.7574740052223206,-1,-1,-1
41,3,554.3005908726691,143.21814449143608,27.181900881731725,71.76842168245847,0.5571329593658447,-1,-1,-1
42,6,556.5312785579317,131.2005058357156,89.90892588725214,237.64553925459006,0.7623710036277771,-1,-1,-1
42,2,1093.4674318536972,135.68277685996853,150.705753993934,234.27941803628175,0.6160417199134827,-1,-1,-1
42,4,655.965814544613,138.4294006717353,91.13258815174545,232.2413704677213,0.8440084457397461,-1,-1,-1
42,10,525.0175592100373,137.22086746608662,24.426928938948958,70.18574780101949,0.6869813203811646,-1,-1,-1
42,3,554.0125352514467,142.4243384304222,29.84107469703246,79.54983618893573,0.7065021991729736,-1,-1,-1
43,6,569.3782454724442,127.2615632913706,91.82909555877558,242.64431756196063,0.68097323179245,-1,-1,-1
43,4,675.7088222352834,138.25252122492506,91.38866188159967,232.40075875051588,0.8198464512825012,-1,-1,-1
43,10,525.5099513242426,136.4207933783353,24.709176860284668,70.73188340671474,0.6808983683586121,-1,-1,-1
43,9,513.7463953767373,151.38138088310168,93.94222275551087,189.29007117692504,0.522587776184082,-1,-1,-1
44,6,584.9794433195923,123.79700508813829,93.10598189648442,246.48014877915176,0.6720626354217529,-1,-1,-1
44,4,694.6827662066538,140.14206896047034,92.49078036493226,230.4576122745748,0.7871987819671631,-1,-1,-1
44,10,526.4396260643173,136.13148785932336,23.955722288850698,68.22385139389752,0.4498690068721771,-1,-1,-1
44,9,504.63458814820655,156.4933110470604,92.77850415381627,181.18906789699224,0.6605722308158875,-1,-1,-1
44,3,559.989260329925,141.42808784588829,31.339672646580663,83.05244284128136,0.6432065367698669,-1,-1,-1
45,6,610.9170087505889,119.20203217534612,94.54682773939089,251.18403872732404,0.7502050995826721,-1,-1,-1
45,4,709.7600282144352,139.53200771078457,94.49104871313506,231.00376337334748,0.7916862368583679,-1,-1,-1
45,10,526.0939217946845,135.34062501048967,25.01686959844843,71.38480663016217,0.676518976688385,-1,-1,-1
45,9,485.78485577037793,152.7559071093373,93.31115808968188,185.99379054802796,0.7938570380210876,-1,-1,-1
45,3,562.8201690127026,141.19953783201345,31.619830632351334,84.4462444396736,0.8404951095581055,-1,-1,-1
45,11,553.0,141.0,23.0,71.0,0.6701774597167969,-1,-1,-1
45,7,601.0158771705811,147.12853926509257,23.660190758243676,61.867888783884354,0.7329574227333069,-1,-1,-1
46,6,626.135317357591,118.11598946187895,95.25934157273026,252.28289789567808,0.7194271683692932,-1,-1,-1
46,4,725.7280526809934,138.63042270181995,95.3309052035827,231.84834720684717,0.8148008584976196,-1,-1,-1
46,10,525.782351942367,135.06111943724707,26.419573687445993,75.15669595599546,0.7940011620521545,-1,-1,-1
46,9,463.39301349687065,152.76582035220906,89.17657669626146,185.72017527057434,0.8126338720321655,-1,-1,-1
46,3,565.8335913434745,142.41670849914078,31.600040024182334,84.95164617639433,0.7931712865829468,-1,-1,-1
46,11,555.265186850378,142.73553719008265,21.940700679409236,67.52892561983471,0.7106781601905823,-1,-1,-1
46,7,601.5522162601561,146.40845065968003,24.305751466281198,63.36724709443747,0.76832115650177,-1,-1,-1
47,6,642.4357270664036,122.31918701340109,95.05556346533888,248.05422118865687,0.7072495818138123,-1,-1,-1
47,4,740.4675955487559,134.3313967590015,96.2276697759447,236.094779396333,0.7837804555892944,-1,-1,-1
47,10,526.5650745569869,134.9600868028658,27.081558294161695,76.58117268972688,0.8245782256126404,-1,-1,-1
47,9,443.9435961565388,150.79352512331678,88.73741283284014,184.98766297224878,0.727293074131012,-1,-1,-1
47,3,568.6345087128188,143.53069380426533,31.396141130432603,84.4771450386677,0.8469156622886658,-1,-1,-1
47,11,557.1909778837519,144.62208527648207,21.066356220932033,64.55168801156414,0.6870065927505493,-1,-1,-1
47,7,603.2348820061073,147.47452379202716,24.158193334376282,62.56682118997785,0.8263028264045715,-1,-1,-1
48,6,658.8628624546553,121.98584971753263,97.73265301836305,248.34737711386725,0.7546808123588562,-1,-1,-1
48,4,753.7217308488065,133.35858550207763,97.22350451113759,237.02388104181435,0.6540586948394775,-1,-1,-1
48,10,527.6521157486402,133.6200891281732,27.706309489591366,77.76301622370767,0.7918679714202881,-1,-1,-1
48,9,425.89429382978443,148.7392713210088,91.15923428969737,187.40686845898276,0.7525888085365295,-1,-1,-1
48,3,570.3493844726027,141.97813633239736,31.81459048719528,85.59214751039217,0.855971097946167,-1,-1,-1
48,11,559.5315428075102,144.3529563336331,21.127125198809438,64.53501682196054,0.6642492413520813,-1,-1,-1
48,7,604.5152573759244,147.22024169826716,24.70150293144875,63.56774174069179,0.8202278017997742,-1,-1,-1
49,6,681.3535314099089,118.5787291068364,100.61349926089284,251.719480967027,0.7600686550140381,-1,-1,-1
49,4,773.9123458007674,134.96634889705604,99.64236834383037,235.37241954495406,0.6467750072479248,-1,-1,-1
49,10,528.2693084159935,132.4580978677659,28.16551692814134,78.84290198236033,0.7705056667327881,-1,-1,-1
49,9,409.73956315789684,149.31661419387547,88.51815893099979,183.04321565638685,0.7488372325897217,-1,-1,-1
49,3,572.7499471159933,140.07707281973234,32.89137679565842,88.61545409704961,0.85419762134552,-1,-1,-1
49,11,561.0132240375082,144.97684625480198,21.732297114130024,66.10232853235078,0.7474207878112793,-1,-1,-1
49,7,606.675643422968,146.46589646289186,25.394596549130235,65.24613489227535,0.6013079285621643,-1,-1,-1
50,6,700.8376269233378,117.96283635333876,100.30281920050463,252.30480820550014,0.6874986290931702,-1,-1,-1
50,4,789.7230362407797,135.59403002285688,101.56718958297084,234.70352541412063,0.4865840673446655,-1,-1,-1
50,10,528.6512766407686,132.02352287274243,28.662511280682974,79.88136360087603,0.8034327626228333,-1,-1,-1
50,9,388.9307235004408,146.89930511886132,88.08752525971103,186.74915122607308,0.6985470056533813,-1,-1,-1
50,3,575.654689499971,139.99994045515135,33.069109772437855,89.10382960607456,0.8592357039451599,-1,-1,-1
50,11,560.6849474187325,143.01372024564265,22.720891972535224,68.79881400558185,0.8110166192054749,-1,-1,-1
50,7,608.9135368384925,146.17527732611458,25.996388179313165,66.52691415863018,0.8158771991729736,-1,-1,-1
51,6,714.2082527931414,115.78236847183011,100.8375836205654,254.45470432123724,0.746153712272644,-1,-1,-1
51,4,805.0977558224429,135.83629456294875,102.09408758162365,234.42620420473636,0.5815125703811646,-1,-1,-1
51,10,528.6463152033235,132.52330336996008,29.113065093813344,80.90271191809966,0.8229635953903198,-1,-1,-1
51,9,367.7007238036074,147.34819806528486,86.50513854054607,186.80816280234262,0.8437504768371582,-1,-1,-1
51,3,578.5758457500189,141.27759531147245,32.61831914572841,87.30890453494702,0.8237172961235046,-1,-1,-1
51,11,561.1619180710723,144.3739252723194,23.14530681586173,69.7509026089046,0.7860801815986633,-1,-1,-1
51,7,611.3782713284306,146.71254538545728,26.17225694160093,66.35551262731586,0.783409833908081,-1,-1,-1
52,6,729.396304914444,116.94882441239685,103.24439335362905,253.26189897059044,0.7636610865592957,-1,-1,-1
52,4,826.0392525297375,130.65166493789806,102.50170534229471,239.5801929442332,0.6088268160820007,-1,-1,-1
52,10,528.224040597951,132.729011660282,29.43183821051774,81.91663081974917,0.8020640015602112,-1,-1,-1
52,9,352.06245788621095,151.52162939904446,84.85884997446624,178.90577374266107,0.779934823513031,-1,-1,-1
52,3,580.79681971122,141.1138724392378,33.989172294961804,90.54647982328528,0.8565595149993896,-1,-1,-1
52,11,561.6163443631694,144.87728238553873,23.30488180887098,70.08218556736772,0.7639912962913513,-1,-1,-1
52,7,612.8672979094391,146.92031246114703,26.348576540675655,66.26845006986638,0.7053525447845459,-1,-1,-1
53,6,740.3179911231953,115.45079150555826,106.41407101745939,254.73452786910534,0.7194597721099854,-1,-1,-1
53,4,855.1348074967273,128.70988245756809,102.41274932810941,241.49840072597638,0.6936909556388855,-1,-1,-1
53,10,528.8912501365157,132.16685943957862,29.81124106344617,82.92701213045612,0.8267796635627747,-1,-1,-1
53,9,336.96423585266643,148.43493582912444,87.89482058889848,183.3160640067369,0.7470858097076416,-1,-1,-1
53,3,582.895851406118,140.4038288550589,35.091969984989035,93.03409551291206,0.8008882403373718,-1,-1,-1
53,11,562.4285395721903,144.37668212496325,23.325838605723504,69.50573480287092,0.7597802877426147,-1,-1,-1
54,4,881.1491359672199,131.2670491665545,104.1585469036521,238.9177184497653,0.6135711073875427,-1,-1,-1
54,10,530.434774668281,131.30836399752602,29.954571705740506,83.28385807928964,0.7917448282241821,-1,-1,-1
54,9,315.2580253575784,143.37135075669764,89.32542687611999,188.21949376744806,0.6852309703826904,-1,-1,-1
54,3,585.316477848507,139.48047223155396,36.011637077836596,95.26712763097154,0.8417274951934814,-1,-1,-1
54,11,562.4214025795488,143.50240000590097,23.857567996080782,70.61814544908948,0.7805561423301697,-1,-1,-1
54,7,615.6554344722856,146.28054525211522,26.840956887870885,68.47006263666695,0.6115554571151733,-1,-1,-1
55,4,907.506257143464,134.25942887824033,108.13519337707213,235.90213894113884,0.7392545342445374,-1,-1,-1
55,10,531.7576508682797,132.29587372169956,29.81912715957278,83.38723160162833,0.8272956013679504,-1,-1,-1
55,9,299.8165751624859,142.78494891714882,86.61378425279729,188.7764769410912,0.7653166055679321,-1,-1,-1
55,3,589.7968932971387,140.41870388470974,35.57768383003973,94.15973160769336,0.8205596208572388,-1,-1,-1
55,11,562.9054439716203,143.17530811029363,24.345314643006546,71.68215614134716,0.8119039535522461,-1,-1,-1
55,7,618.1710174710696,147.48019757996428,26.123019960460425,66.88460498055629,0.6724082827568054,-1,-1,-1
55,6,782.1027031349295,106.34675937336388,113.22296040023575,263.7128926309833,0.7285512089729309,-1,-1,-1
56,10,533.4278208179575,133.99635366688184,29.356927654044576,82.08558478699673,0.8668288588523865,-1,-1,-1
56,9,285.45015251545715,143.9193165047443,84.3430343697334,186.35059308095234,0.7506047487258911,-1,-1,-1
56,3,594.236290966705,141.44680990564805,35.691237200640344,94.33514898657359,0.8093063831329346,-1,-1,-1
56,11,563.9751194466969,144.37465321806496,24.00996014371851,70.08130249161479,0.8508501052856445,-1,-1,-1
56,7,620.0714420872924,147.91446660084267,26.459806893181376,67.6273162711651,0.7132646441459656,-1,-1,-1
56,6,807.9785012798865,103.76558846205407,116.7515809758747,266.17631917366566,0.5710594654083252,-1,-1,-1
57,10,533.9412913519748,134.65635452052035,29.372469071650695,82.2145935315594,0.8327813148498535,-1,-1,-1
57,9,271.12848403005376,146.38059061721583,82.96097547402577,182.10560104906148,0.6694672703742981,-1,-1,-1
57,3,597.465721499603,141.18208718069315,36.381796690950516,96.33866711754483,0.8631647825241089,-1,-1,-1
57,11,564.5554428297665,143.49682757578066,24.78852038995732,72.11816532789346,0.8447825312614441,-1,-1,-1
57,7,621.6459725816828,147.41056452801885,26.72047201180165,68.5574380550759,0.6820603013038635,-1,-1,-1
58,10,535.8118891895117,134.90413496502117,29.26137791161631,82.24494684410983,0.8440730571746826,-1,-1,-1
58,9,253.49719414553144,146.00144103500816,80.52645626119937,179.84834096318892,0.6620373725891113,-1,-1,-1
58,3,600.950554852398,141.07955080946465,36.502025910097935,97.07539888680674,0.8504363298416138,-1,-1,-1
58,11,566.1285914274862,142.51501411251445,25.59705166477765,74.17291954320002,0.8304716348648071,-1,-1,-1
58,7,623.791929163753,146.55538096767503,26.879265969323402,69.56167711310123,0.7579696774482727,-1,-1,-1
58,4,995.9607987709122,124.76979627432121,114.31584798656317,245.3298828347102,0.6368298530578613,-1,-1,-1
58,6,858.8702648300259,108.16425967299529,119.33164691500484,261.6118569481736,0.7584518194198608,-1,-1,-1
59,10,537.7248626087951,133.02062428392026,30.047455176892186,84.87112696121575,0.8364441394805908,-1,-1,-1
59,9,240.40054744886277,146.54171423579388,77.4500035191055,177.0335527003478,0.6182481646537781,-1,-1,-1
59,3,603.9486309472205,139.73302168200647,37.57991720492912,99.93633403105264,0.8469983339309692,-1,-1,-1
59,11,567.6079841910571,142.14041353774803,26.044946064688133,74.94041326212023,0.8031218647956848,-1,-1,-1
59,7,626.0937896919389,146.2229369059442,27.120841078318737,69.93798608649531,0.6063374876976013,-1,-1,-1
59,4,1021.0409567713431,125.31838198706738,118.74374119824616,244.7333844082888,0.5872330069541931,-1,-1,-1
59,6,895.2172643846907,105.30710742397284,122.5292062599828,263.73701404944603,0.7034088373184204,-1,-1,-1
60,10,539.3927281184356,132.96185150841572,30.350314929077527,85.84539475337645,0.8160345554351807,-1,-1,-1
60,3,607.8807291630484,140.51507179014394,38.06458605171716,100.35299089881295,0.7671499252319336,-1,-1,-1
60,11,568.5620701437128,142.65511366779128,26.024688296376205,74.55504533511031,0.775098979473114,-1,-1,-1
60,6,967.8660123019182,104.97553365981827,141.3244564568992,264.4797903200871,0.708508312702179,-1,-1,-1
61,10,539.820759036787,132.29139932724559,30.821799882067335,86.84802110541673,0.8133530020713806,-1,-1,-1
61,3,610.7530116338603,142.12851175644877,39.226901096850604,102.42736420886825,0.8389983773231506,-1,-1,-1
61,11,569.5152600463049,144.17570997543658,26.068052338744963,74.37876675821136,0.7984558343887329,-1,-1,-1
61,6,995.2837046130825,99.5898031008341,158.41971760363487,268.7235684013315,0.6624543070793152,-1,-1,-1
62,10,539.0726400730326,132.6917718889958,31.44207350398625,87.85918697703273,0.82676762342453,-1,-1,-1
62,3,613.870431391687,143.39339804406654,39.97459249720423,103.83697966078203,0.8676744699478149,-1,-1,-1
62,11,570.8402335741238,144.0948753336319,26.711627733507722,75.6091288156319,0.8256301283836365,-1,-1,-1
62,6,1008.2621517543557,100.20046234166472,169.51843913207506,267.7006369793774,0.7631585597991943,-1,-1,-1
63,10,538.9443658136674,132.19882165721717,32.59384084024661,90.17752969876045,0.8492757678031921,-1,-1,-1
63,3,617.8409080741538,141.92689406116563,40.9962245666509,106.29107030219483,0.8533756732940674,-1,-1,-1
63,11,572.1710811354553,142.75246920244092,27.841872467500938,78.0207786166255,0.8334817886352539,-1,-1,-1
63,6,1014.5040989554378,100.47232731033677,177.99972547326465,267.95590673417695,0.7627359628677368,-1,-1,-1
64,10,540.0002603107753,132.01442446082336,32.71532776211926,90.38979529876889,0.8045002818107605,-1,-1,-1
64,3,622.688998517437,141.3562322107281,41.011030522523285,106.5496794806826,0.8380414247512817,-1,-1,-1
64,11,573.3985189679671,141.59033218586777,28.710414737967184,79.57075775023038,0.8265581130981445,-1,-1,-1
64,6,1028.3906011295944,100.60173507528339,182.48616016735392,268.70524379522794,0.8043317794799805,-1,-1,-1
65,10,542.3237378499825,131.9493494519094,32.78373977874557,91.08647155306743,0.8073950409889221,-1,-1,-1
65,3,627.3112674300392,141.78273099978293,41.78694647538529,108.55412228266174,0.8811847567558289,-1,-1,-1
65,11,574.86996700349,141.79231002579192,28.914730962531515,79.49354003459904,0.8863439559936523,-1,-1,-1
65,6,1040.5482683983187,97.37909623115763,185.5895439645602,272.2759597134466,0.7393661737442017,-1,-1,-1
66,10,544.4393339781316,131.27715543861194,32.90337005740438,91.97554180409132,0.7794550061225891,-1,-1,-1
66,3,631.9412442311686,143.2429719179595,41.975760728117024,109.28291110136452,0.898197591304779,-1,-1,-1
66,11,576.7436076951958,143.18706993879954,28.899693683714865,78.77389823330573,0.8952686786651611,-1,-1,-1
66,6,1079.5097710895957,92.24696249142437,179.99865744226756,277.54961816106174,0.6817996501922607,-1,-1,-1
67,10,544.7965855979297,131.67809581671833,33.12744209506516,92.93860371004227,0.790020227432251,-1,-1,-1
67,3,635.2580905066006,142.5023612974691,42.62459342989763,111.47137322890414,0.8576160669326782,-1,-1,-1
67,11,577.8011130980323,143.0683575251506,29.42406605061002,79.78440757902801,0.886629581451416,-1,-1,-1
68,10,545.5062569149292,133.79601021112057,32.63917759270163,91.32007042114276,0.842825174331665,-1,-1,-1
68,3,640.6263209852838,141.56433521088036,42.872414478419806,112.91930137815993,0.9077547192573547,-1,-1,-1
68,11,580.7991824051212,141.71565218967385,30.224567454736786,82.1081576109994,0.8338062167167664,-1,-1,-1
69,10,546.3552676982938,133.30085211246328,33.18107034584311,92.63488826371919,0.8983979225158691,-1,-1,-1
69,3,644.7461980208941,141.19808505588026,43.80319846319751,115.38130205497362,0.8637634515762329,-1,-1,-1
69,11,583.2986063523196,141.20137463655436,30.97622219574083,83.62195788942621,0.8006141185760498,-1,-1,-1
70,10,546.9814223131806,131.15090900578468,34.017587977120215,95.0717804808423,0.8432089686393738,-1,-1,-1
70,3,650.7184938443628,141.7052757946825,44.84730486084654,117.58048766461607,0.7985573410987854,-1,-1,-1
70,11,585.659108425105,142.30668891989268,30.965714247668945,83.52850638587726,0.8054800629615784,-1,-1,-1
71,10,547.7525970462298,130.33225601083268,34.507454225827445,96.62805468953975,0.8233713507652283,-1,-1,-1
71,3,655.4442901989509,143.19818721913873,45.325274353798534,117.73395009332481,0.829897940158844,-1,-1,-1
71,11,588.4976025292916,144.0508855047981,30.243990732718256,81.49287942227667,0.790978729724884,-1,-1,-1
72,10,547.4688405029167,130.02344152514024,35.13318991348034,97.84795793510948,0.8095961213111877,-1,-1,-1
72,3,660.0586158952158,143.77742175708173,46.130588720224914,119.03668884328009,0.8178310990333557,-1,-1,-1
72,11,590.703153732873,143.3998635223495,30.88377725553348,82.6598391665623,0.8422278165817261,-1,-1,-1
73,10,546.3329951985145,130.56545438534607,36.05030175873988,99.5861929674733,0.7828879952430725,-1,-1,-1
73,3,667.2384743969435,143.34245746220412,47.036305752193506,121.44191200530254,0.8330675363540649,-1,-1,-1
73,11,592.6971396686351,142.4999477784383,31.949530429668112,85.04448108881473,0.8139421343803406,-1,-1,-1
73,12,656.0,148.0,30.999999999999996,78.0,0.7377236485481262,-1,-1,-1
74,10,547.189579955031,130.7821555301208,36.356131494839865,100.22038673099458,0.7965885996818542,-1,-1,-1
74,3,673.9140865683437,141.87213487534964,47.68642165395108,123.61715963507102,0.8251401782035828,-1,-1,-1
74,11,596.4289627810092,142.80672357824756,32.14058604471315,85.2830598896597,0.7846891283988953,-1,-1,-1
74,12,658.0725995984594,148.86776859504133,30.325875183246296,76.26446280991736,0.7420405149459839,-1,-1,-1
75,10,547.7511326240696,130.22081141816057,36.60625910313246,101.07747993778919,0.837737500667572,-1,-1,-1
75,3,680.2173799896956,141.29954800312947,49.2393732328318,127.000321562882,0.8420230150222778,-1,-1,-1
75,11,599.911543838522,142.9280892799706,32.56045883515161,85.99742536204737,0.8599207997322083,-1,-1,-1
75,12,661.9923591728423,148.22893513260422,30.947821302951393,77.54212973479157,0.6327436566352844,-1,-1,-1
76,10,550.4885176659348,130.01110848086898,36.16802417722725,100.7180566707962,0.8567693829536438,-1,-1,-1
76,3,685.9276559003365,143.01751044616157,50.07015807379597,128.90114006781462,0.8430768847465515,-1,-1,-1
76,11,603.089513518385,143.62870790061515,32.79101440212098,86.24487735731833,0.8929750919342041,-1,-1,-1
76,12,664.3006737302321,148.77909780064041,31.14731079346976,77.96072761282672,0.7795106172561646,-1,-1,-1
77,10,551.6741736772082,129.93806975903618,36.3255349652703,101.8518598439702,0.881188154220581,-1,-1,-1
77,3,691.017654773598,144.98491588913947,50.10801733591102,128.9293139145353,0.854663074016571,-1,-1,-1
77,11,606.6064342748219,143.8967146959444,33.34315644418306,86.96796812956197,0.8475666642189026,-1,-1,-1
77,12,666.5046328805247,147.49691471492312,31.73878314017903,79.5493280445167,0.8625404238700867,-1,-1,-1
78,10,553.2707561367174,129.91650990405114,36.64207204599992,103.56051510541947,0.8388743996620178,-1,-1,-1
78,3,698.8477776729873,142.48488292963555,51.03205910392943,132.78221313116418,0.8666821718215942,-1,-1,-1
78,11,607.8570415607039,143.341803524959,34.213356161658986,88.5286945787317,0.8341066241264343,-1,-1,-1
78,12,668.652557497457,147.06163357193418,32.473390088401935,81.48384678325218,0.7208572626113892,-1,-1,-1
79,10,554.0870315149085,130.56564762106615,37.58674938862168,107.44072899877686,0.8659141063690186,-1,-1,-1
79,3,705.9585829563456,141.52803996687732,51.88357656946629,136.14304521320952,0.8439903259277344,-1,-1,-1
79,11,609.3603281772354,142.47591198085885,35.58296567601143,90.4045256181937,0.8452047109603882,-1,-1,-1
79,12,671.2201675787366,148.29672225793146,32.37064145212654,80.76289182645836,0.8021543025970459,-1,-1,-1
80,10,555.7844624274924,130.81785963063945,37.69982943666055,108.24986199696961,0.8664548397064209,-1,-1,-1
80,3,711.4984388595328,141.80174920653752,52.73792769079293,138.03282481875516,0.8897034525871277,-1,-1,-1
80,11,611.9003147353707,142.79314468193644,36.5656621824414,91.74819077365927,0.822701096534729,-1,-1,-1
80,12,673.0522226349484,148.77015633599018,32.36764883218326,80.443605615665,0.7857173085212708,-1,-1,-1
81,10,556.9971015293305,128.96833821510543,38.50850728283662,111.11558958919879,0.8657680153846741,-1,-1,-1
81,3,716.9343467782469,143.2069687636769,55.15620669196002,143.23004085442264,0.8945635557174683,-1,-1,-1
81,11,613.3280623066073,143.56850040628495,37.17257373195082,92.2347055879819,0.8306650519371033,-1,-1,-1
81,12,675.1934296335064,148.94382858832662,32.61106419558878,80.97843442315997,0.8123565316200256,-1,-1,-1
82,10,559.3404731975213,128.90934057780646,38.22502335735181,110.23531568296943,0.8280683159828186,-1,-1,-1
82,3,724.5199820597933,144.39014184001576,55.06272800448563,141.96254577857857,0.830383837223053,-1,-1,-1
82,11,615.3381959128919,142.56292142644557,38.212117315952284,93.03967824964053,0.7666402459144592,-1,-1,-1
82,12,676.8681359035506,148.33336605171024,33.4342655289927,83.1717783933888,0.8758329749107361,-1,-1,-1
83,10,558.5151059181447,128.89644609780544,38.872047520951824,111.13708805833934,0.8796189427375793,-1,-1,-1
83,3,732.9800903010635,140.94252392852258,57.24434012892139,147.8724872038511,0.8556004762649536,-1,-1,-1
83,11,617.9244878690305,141.52418760911655,39.37278398718751,95.27451480695352,0.8162789940834045,-1,-1,-1
83,12,678.935847327906,148.10465279759364,34.00781254250943,84.63076849936888,0.7966578602790833,-1,-1,-1
84,10,558.7088855555841,128.89823673035758,40.630440134139356,114.70460956532436,0.8244436979293823,-1,-1,-1
84,3,740.0916706964498,140.27957264691418,58.34487026178849,151.99250813584322,0.8527664542198181,-1,-1,-1
84,11,622.9469247412109,141.77889427930933,40.03075628779311,96.09997106858788,0.8106871843338013,-1,-1,-1
84,12,680.0262525282361,148.678090345254,34.758752477063766,85.81616959799175,0.8256144523620605,-1,-1,-1
85,10,562.0390812541564,128.90395936932896,41.192034891035306,116.67675652642781,0.8183394074440002,-1,-1,-1
85,3,749.5504473995269,141.9547109696221,59.780210836030115,155.45557351580288,0.8264982104301453,-1,-1,-1
85,11,626.1187915661196,143.18644947358837,40.244263263151325,96.38050526194785,0.8429433703422546,-1,-1,-1
85,12,682.5087439264578,148.89859118302084,35.340316677388174,86.89346662501958,0.8200255036354065,-1,-1,-1
86,10,563.229855489201,127.61594396224297,42.186040372612034,118.68914441671267,0.8260423541069031,-1,-1,-1
86,3,755.8290719449021,144.5481859148387,61.166520235679705,158.01052511123018,0.8474425077438354,-1,-1,-1
86,11,628.0310140151341,143.73172322509618,40.68915821194739,97.10428867198421,0.8387892842292786,-1,-1,-1
86,12,686.250516967766,148.32541423305855,35.71632394908137,87.2714420632783,0.8391759991645813,-1,-1,-1
87,10,567.5776250447148,126.47543519944712,41.831466774452394,118.12012637323889,0.8674042820930481,-1,-1,-1
87,3,762.6572066005028,145.56069734916196,61.501465638513366,158.91574355757544,0.8573127388954163,-1,-1,-1
87,11,629.4465067725982,143.28523252362962,41.24943164156478,98.00167240995658,0.8204586505889893,-1,-1,-1
87,12,690.9638184910448,148.1042020422254,36.34850768298246,88.69476329162246,0.7930915355682373,-1,-1,-1
88,10,571.8758142582597,128.00460367481486,41.587676647517284,117.18219659806917,0.8088911771774292,-1,-1,-1
88,3,771.983884948154,143.3524433584652,61.39765373462479,161.76520526026997,0.8498482704162598,-1,-1,-1
88,11,629.9348029202857,141.80566017227204,43.33332649534297,100.92462420848923,0.8287739157676697,-1,-1,-1
88,12,695.8442092823063,148.6749152716539,36.78121291433271,89.20677895475725,0.8411915302276611,-1,-1,-1
89,10,575.3055498105501,129.2588159390612,41.72995537684809,118.08699006418082,0.8003235459327698,-1,-1,-1
89,3,781.8576038244181,141.20148098221208,63.22936666944261,167.9597529536781,0.8384817838668823,-1,-1,-1
89,11,630.0490036989645,141.24182017375796,44.76697960944842,103.30668998817815,0.8270211815834045,-1,-1,-1
89,12,698.6635891596308,149.55106941604282,37.46532619744251,90.02320969499587,0.7524398565292358,-1,-1,-1
90,10,578.2729019076805,130.391999906776,41.58881943572695,119.04875261478043,0.8623703122138977,-1,-1,-1
90,3,790.9561787246865,143.58146819949997,63.86968072440344,168.3525875209765,0.9028263688087463,-1,-1,-1
90,11,631.5451498074999,141.0275347143778,45.478345556982426,104.8383824993861,0.8159586787223816,-1,-1,-1
90,12,702.2256907602406,149.8842573568443,37.77576714023851,90.95821121775334,0.8296899199485779,-1,-1,-1
91,10,580.834758054734,128.86312437357066,43.105829980986734,123.30205302903705,0.8185077905654907,-1,-1,-1
91,3,799.1539356547826,146.4754506907093,65.94303295001659,171.62786883826894,0.8865007758140564,-1,-1,-1
91,11,631.8901866830306,142.89700150516103,46.05036039038591,106.68486036830392,0.7724233269691467,-1,-1,-1
91,12,705.5159958866611,149.35356285292625,38.3978543137084,92.592388496878,0.650985836982727,-1,-1,-1
92,10,583.6850430010214,126.98679945297759,43.69187104541168,125.53416497506126,0.8388360142707825,-1,-1,-1
92,3,809.8239522909018,146.2906522642503,68.03831186810712,176.68542563876568,0.9017572402954102,-1,-1,-1
92,11,633.1208482129339,142.974691188802,46.512449187697335,107.35385117029031,0.8026548624038696,-1,-1,-1
92,12,708.1335037477376,148.49494508800677,38.966021210145854,94.4904467917907,0.8664072751998901,-1,-1,-1
93,10,585.2215842505863,126.25865600917201,44.189918297533275,128.29719760782766,0.8333188891410828,-1,-1,-1
93,3,825.8851763251336,144.27775096348557,68.962544063311,180.49029381446712,0.864763081073761,-1,-1,-1
93,11,634.9985736895047,143.00359111889395,46.3281888305361,106.91167878540594,0.832563042640686,-1,-1,-1
93,12,711.9565112058331,149.4630139781775,39.83618812264537,95.83700785222283,0.7515154480934143,-1,-1,-1
94,10,587.4367288047684,128.57682795549533,44.21727699459773,127.37095207263879,0.8366453647613525,-1,-1,-1
94,3,838.5019346444197,144.12599098025984,70.24306840768368,185.09801571958644,0.8641797304153442,-1,-1,-1
94,11,637.3689591662854,143.66775767203364,46.72415758679761,108.00059659858846,0.8560700416564941,-1,-1,-1
94,12,715.5433877490213,149.83772363660253,40.277106167501195,96.9691666338753,0.6952772736549377,-1,-1,-1
95,10,588.5727030817947,129.49393423974004,45.44179160045327,130.2109377352202,0.866654634475708,-1,-1,-1
95,3,852.7518501768772,147.2831247739369,71.42204628772629,182.9300284644307,0.7964485883712769,-1,-1,-1
95,11,639.8723909853031,145.87595670916016,46.144935558149385,107.07421264508471,0.8547844290733337,-1,-1,-1
95,12,720.6835490416341,149.9793410879742,39.8579256284119,96.0642781996672,0.8957159519195557,-1,-1,-1
96,10,589.9866850284126,128.54359514993712,46.407028982143856,132.54615325554263,0.8702536225318909,-1,-1,-1
96,3,861.5003231753396,147.8711595148199,77.14368495472796,193.0251069245908,0.7727552652359009,-1,-1,-1
96,11,642.19389224244,146.7218837068201,46.97158586362637,109.30032456099752,0.8591436743736267,-1,-1,-1
96,12,724.4505666323656,148.71660215455748,40.449050942512876,97.63763387474404,0.8833286166191101,-1,-1,-1
97,10,593.6489167727401,126.8771884152272,47.52772227188948,136.63970212613904,0.876929759979248,-1,-1,-1
97,3,871.2281264668792,146.8083300005215,79.5391028389411,199.3324535340033,0.7339327335357666,-1,-1,-1
97,11,644.3103717455142,145.07697273468148,48.587664560311026,113.37056514291507,0.8678082227706909,-1,-1,-1
97,12,729.6590478918583,148.88958638956598,41.37132453243503,99.5091291213788,0.8328827619552612,-1,-1,-1
98,10,598.5157455327551,127.528774771815,46.71682804468276,135.58464300934872,0.8367504477500916,-1,-1,-1
98,3,888.5209629939167,143.17096784935396,80.42002588008857,204.90896129670085,0.8020409345626831,-1,-1,-1
98,11,645.7854764592828,143.79220589695916,49.68773422039897,116.18896452394551,0.8505805730819702,-1,-1,-1
98,12,734.5463558287607,149.6072572138991,42.209370514363926,100.84456576321855,0.8366499543190002,-1,-1,-1
99,10,603.2395889058912,129.75497659707662,46.43241856462748,135.0853969125126,0.8719488978385925,-1,-1,-1
99,3,903.6398761853663,142.37618797480798,82.01943413492263,212.10609690227162,0.8277807831764221,-1,-1,-1
99,11,648.6504120630644,144.5786378916167,49.89805791608042,116.59240918688816,0.8259547352790833,-1,-1,-1
99,12,738.2265343377945,149.88441594762193,43.22526544819678,102.62312435850048,0.8775104284286499,-1,-1,-1
100,10,606.0042888722948,129.9535125479199,46.827777987636935,137.45873828050637,0.8803098201751709,-1,-1,-1
100,3,920.7408479031927,145.26701390831454,83.26114056342459,210.3255387002108,0.7851506471633911,-1,-1,-1
100,11,651.2274364345786,147.4894946835871,50.78369896383009,117.3395357084113,0.8574081063270569,-1,-1,-1
100,12,743.0421512290094,149.9887291133333,43.69528108900549,103.91941861200105,0.8200176358222961,-1,-1,-1
101,10,608.6749325203709,131.97825064140142,46.167390330738,136.36428174936574,0.9093548059463501,-1,-1,-1
101,3,935.8367924932102,147.07404315834822,87.52857153771714,217.2158914987319,0.7942906022071838,-1,-1,-1
101,11,654.2436874111096,147.95064242223702,52.11839047141732,119.53263047554331,0.8688328862190247,-1,-1,-1
101,12,746.9500863529017,150.67643591715796,43.39463344468596,103.72739083881376,0.8762058615684509,-1,-1,-1
102,10,610.2139555121848,129.4735070268457,48.59431929018472,143.10032934107124,0.898883044719696,-1,-1,-1
102,3,953.0211558388586,144.54729129157136,90.13683509567042,223.60915980197498,0.7714231610298157,-1,-1,-1
102,11,658.1355047129501,148.11528443909776,52.19376290073571,119.67994763628144,0.8680236339569092,-1,-1,-1
102,12,751.1156997772813,150.9385015462404,44.182193859035515,104.9149004664085,0.8862278461456299,-1,-1,-1
103,10,607.9244922233139,127.24357711029903,51.26678016935673,147.52887811388777,0.8426477313041687,-1,-1,-1
103,3,976.6086968354525,139.0601871755877,92.541957014768,231.75591584420977,0.7131109237670898,-1,-1,-1
103,11,664.0716822787059,147.51085673048462,53.610692541611385,122.94521159126833,0.8567535281181335,-1,-1,-1
103,12,755.6878496102479,151.033378865663,45.41947900916625,107.28982569302346,0.8365907669067383,-1,-1,-1
104,10,603.6575748501539,127.65866403821113,54.34108002899947,149.8438877845668,0.8069649934768677,-1,-1,-1
104,3,1001.7518689445046,138.8373381287796,95.37294809561907,232.89351453015703,0.6641442775726318,-1,-1,-1
104,11,666.1161307555519,147.91930839530983,54.422269385830205,125.44520679304576,0.8429372906684875,-1,-1,-1
104,12,760.1547197056503,151.06472272627767,45.391291615117844,107.51509926157614,0.8773008584976196,-1,-1,-1
105,10,599.3506434730194,128.47613128123405,58.04621777671305,151.3185786735284,0.8174694776535034,-1,-1,-1
105,3,1021.9168406372488,143.9403374327743,97.51660296830083,227.98379876221085,0.6885294914245605,-1,-1,-1
105,11,671.638073291623,149.3639764756921,55.42670523654311,127.65720918409282,0.864657998085022,-1,-1,-1
105,12,764.2958804701303,149.7641617918116,46.09902105169684,109.5137163884252,0.842287540435791,-1,-1,-1
106,10,598.7978060409972,128.79813978353877,61.65446504592469,154.41105333289363,0.771650493144989,-1,-1,-1
106,3,1037.4698984983897,143.33522397387378,102.57521018782906,227.84172792712334,0.6734345555305481,-1,-1,-1
106,11,675.530828882295,149.26531040152656,56.63023486992805,130.40195880172337,0.8341601490974426,-1,-1,-1
106,12,771.360374327796,149.91511058217995,46.18600673381676,110.24103773638525,0.8181870579719543,-1,-1,-1
107,10,604.3299128090678,127.62916408218676,63.75418916903661,158.12472792707527,0.8269782662391663,-1,-1,-1
107,3,1055.8518075587926,139.83827937861173,105.93787384690096,231.60279467329156,0.6426486968994141,-1,-1,-1
107,11,677.8927337317111,147.9205540109607,57.7467972720879,132.70100660954742,0.8727660179138184,-1,-1,-1
107,12,778.670156147679,151.27836725810516,47.166876267338864,112.4337791401686,0.8385927677154541,-1,-1,-1
108,10,607.6560892090399,126.53220851135433,64.67752900345653,159.49191028423684,0.8756951093673706,-1,-1,-1
108,11,681.4274335237217,147.38752915420343,59.17665367596896,136.12035437540723,0.8530739545822144,-1,-1,-1
108,12,784.7182387038475,152.44792235771112,47.88726574048948,113.88487272642188,0.8329057097434998,-1,-1,-1
109,10,617.8680489741969,126.75857211677346,63.92757569213279,161.2350904875647,0.8896572589874268,-1,-1,-1
109,11,684.6503179861442,147.82169118710826,59.672623593928485,137.38330648383317,0.860345184803009,-1,-1,-1
109,12,790.4303628567872,152.8939799646254,48.86161153427922,115.70079661930703,0.8667715191841125,-1,-1,-1
109,3,1101.7153627894504,135.51418513076027,109.67785782974445,235.7005466379357,0.7065380215644836,-1,-1,-1
110,10,624.9464866391149,128.15203822581475,62.396215921837275,160.53266483788386,0.8697097897529602,-1,-1,-1
110,11,688.5335625118161,149.28408263099595,61.48210517607224,141.0432427163761,0.8559746742248535,-1,-1,-1
110,12,795.8472374895838,152.40711133812277,48.948652891639945,116.35567271981878,0.8470216393470764,-1,-1,-1
110,3,1118.3390018526306,139.41572363521817,107.54412937714972,231.23553895296143,0.725236177444458,-1,-1,-1
111,10,629.6580894624988,130.00548085827407,62.85298841404698,164.7501553996642,0.8562993407249451,-1,-1,-1
111,11,692.2787184888974,149.19590081992607,63.27384305911057,144.3286038678947,0.8551952242851257,-1,-1,-1
111,12,800.0587838416054,152.20886312669543,49.56704154862954,118.51455867301826,0.8263064622879028,-1,-1,-1
111,3,1132.2326384900994,146.11615993332168,102.7155453796983,224.3148759499434,0.5977279543876648,-1,-1,-1
112,10,632.845711265749,128.76426707660505,63.28719833200907,168.2407741107984,0.8404467701911926,-1,-1,-1
112,11,698.0239141129892,148.5074700797673,64.18083688676205,146.18082166876027,0.8372306823730469,-1,-1,-1
112,12,806.9603179134633,152.77671854288832,50.584573379205516,119.2995588065481,0.8516939878463745,-1,-1,-1
113,10,636.1649781427782,126.98311939414047,64.23033179314247,174.05195691234954,0.8746126890182495,-1,-1,-1
113,11,702.7554512729366,148.23057209411635,66.39693171470142,152.00073127934957,0.8592086434364319,-1,-1,-1
113,12,812.2876998560299,153.6421522078776,51.7851569110658,120.8553252451655,0.8361556529998779,-1,-1,-1
114,10,638.250404438737,128.22695118190154,64.07162552515578,175.58321196701112,0.9151514172554016,-1,-1,-1
114,11,707.7266161036221,150.04502666713955,66.51169260926464,153.53817414742204,0.8266113996505737,-1,-1,-1
114,12,816.7284027443708,153.3157953703393,52.94064148848796,123.36032475236219,0.8127855062484741,-1,-1,-1
115,10,635.8791572709272,130.0184365565358,64.92071060558273,174.78146998643192,0.8996978402137756,-1,-1,-1
115,11,712.2363045248825,151.40319777115354,65.64877957393709,152.74837971452396,0.8237041234970093,-1,-1,-1
115,12,825.0004409450696,151.88459544234897,54.17203632615146,126.8736246649773,0.8299155831336975,-1,-1,-1
116,10,635.5661736480617,130.71333831727924,68.34279131712985,181.55274684652446,0.8282157182693481,-1,-1,-1
116,11,717.213816537947,151.26878199483923,66.34643345033689,154.95027113975578,0.867551863193512,-1,-1,-1
116,12,834.373375878405,151.97350716553677,54.8588308702575,128.1815010692258,0.8500186204910278,-1,-1,-1
117,10,640.3512729933834,132.26043393727187,68.72491665397149,181.4858656342314,0.828610360622406,-1,-1,-1
117,11,719.1964230378984,150.55751940879205,68.78422647545015,161.56747467638598,0.9036493897438049,-1,-1,-1
117,12,843.0833721222532,152.65595827890664,56.256436125490055,130.5751801033834,0.8189290761947632,-1,-1,-1
118,10,648.7638607842234,130.2553737868671,70.55781498411501,189.80736460726118,0.9075849056243896,-1,-1,-1
118,11,724.0006853954541,150.91992866792498,69.76132144920881,164.04534239590822,0.8853280544281006,-1,-1,-1
118,12,850.4829071759929,152.9167696550279,58.01516126051536,134.0351420414217,0.8651908040046692,-1,-1,-1
119,10,657.5849387418509,128.84680261875053,70.1351311111139,193.55359363928198,0.8439816832542419,-1,-1,-1
119,11,727.622545061394,154.2848768490154,69.58340766712475,164.91876637353118,0.8784847855567932,-1,-1,-1
119,12,859.4333834365224,154.30527304900338,57.71838568528546,133.3791430441264,0.8541894555091858,-1,-1,-1
120,10,665.92399019426,128.93266449288322,69.64352855028241,194.91445354361719,0.8521788716316223,-1,-1,-1
120,11,730.5166964009136,155.58483698910618,72.05890702498635,172.3039471784251,0.8706687688827515,-1,-1,-1
120,12,867.9692497990708,153.53845813651995,58.05106525283798,135.65047925736837,0.8282507658004761,-1,-1,-1
121,10,672.4371504019763,129.61613505021904,72.35103613138857,204.4083302092454,0.8125432729721069,-1,-1,-1
121,11,733.745744216543,155.4272688878159,73.6918114218538,176.98672934053727,0.8463762402534485,-1,-1,-1
121,12,875.6707090866631,153.23975136513138,59.90110444200971,140.36203868121038,0.8827061057090759,-1,-1,-1
122,10,677.3539225141033,131.15638422201877,71.52997625510402,203.48954323978256,0.8390600681304932,-1,-1,-1
122,11,740.4238412072477,154.7008103227133,74.13930815254838,180.653641091326,0.836010217666626,-1,-1,-1
122,12,888.7298080625711,153.76564917441215,61.91699107193346,143.41001508997047,0.8603277206420898,-1,-1,-1
123,10,683.6335353266237,129.81924131737986,73.15228699450614,210.75041563752703,0.8554441928863525,-1,-1,-1
123,11,749.042819455821,156.973428295759,73.59782011271147,180.04955471272498,0.8434081077575684,-1,-1,-1
123,12,897.6666926347528,153.9674218175996,62.90776955650874,146.46593485627517,0.8033278584480286,-1,-1,-1
124,10,690.3929834858502,126.73582605008956,73.80864414658522,215.36934104205957,0.8440134525299072,-1,-1,-1
124,11,755.080675636753,159.1468976158277,77.4440126191134,189.43386260926172,0.8110617995262146,-1,-1,-1
124,12,906.6658123926334,153.39523547200687,63.324473013676304,148.22735368838244,0.8789709210395813,-1,-1,-1
125,10,689.8632472349834,125.52684371039093,77.49108102003719,224.13899540892245,0.8730055689811707,-1,-1,-1
125,11,760.880496584815,160.59786264507963,78.09108494218826,192.2973580812092,0.8203960061073303,-1,-1,-1
125,12,918.9372708674067,153.16722070346157,64.79084734657826,151.42361261098907,0.9131528735160828,-1,-1,-1
126,10,692.9640979022232,125.06561761743707,82.26461656081304,231.91598857271637,0.8125749230384827,-1,-1,-1
126,11,773.7725452417702,158.56548192953014,78.65796540235293,194.58239909004084,0.8407272100448608,-1,-1,-1
126,12,935.111740425086,154.3690237626913,65.85870441308077,152.58804157959605,0.8846331834793091,-1,-1,-1
127,10,695.6689760012248,124.89554466828149,85.97423473710005,238.03800860031825,0.7958541512489319,-1,-1,-1
127,11,781.924814728105,157.09879253318178,81.29188852916961,202.46296303232734,0.8387085199356079,-1,-1,-1
127,12,947.0658869626652,155.48388622966655,68.57928593339122,157.49918872358566,0.8725053668022156,-1,-1,-1
128,10,701.8378311137684,124.20000446776226,85.8645076315019,233.8872289114314,0.7354791760444641,-1,-1,-1
128,11,788.8900484966462,157.80292190604314,83.95005082351936,209.25249340739234,0.8528727293014526,-1,-1,-1
128,12,959.921961966484,155.90619246877446,69.30285838458896,158.67726401745594,0.8434398770332336,-1,-1,-1
129,10,713.2704530129074,121.98524254415463,88.23992844239085,245.0561253479517,0.7916292548179626,-1,-1,-1
129,11,798.910815093609,159.34812036496925,84.73426784112647,209.87795390275423,0.8634942770004272,-1,-1,-1
129,12,968.2268358426477,154.76422493456795,70.04884179080555,161.63590244054402,0.8798941373825073,-1,-1,-1
130,10,725.5832368972568,121.79876910689457,87.6578815381978,248.55346921893877,0.8455762267112732,-1,-1,-1
130,11,808.9111878589697,159.29634233931932,86.0094672463655,211.89688749328892,0.8667126297950745,-1,-1,-1
130,12,980.5755380596901,154.96368334339488,71.44854756456047,165.28966116097683,0.8801596760749817,-1,-1,-1
131,10,738.4807104805492,123.68134792256026,86.39774218852764,247.8215738930342,0.8446578979492188,-1,-1,-1
131,11,821.3236912685983,156.0230362054598,87.71607740577426,215.79077418496934,0.8449348211288452,-1,-1,-1
131,12,996.7455050506031,156.97406017573132,73.74047028589044,164.68803382829276,0.7982215881347656,-1,-1,-1
132,10,751.9611343264473,123.13765651089209,88.01948816847828,248.65590230098448,0.7532879114151001,-1,-1,-1
132,11,833.7520974237848,156.6859412878503,88.78418778947515,215.24289386286395,0.7513847351074219,-1,-1,-1
132,12,1008.1676015226467,157.1019901488632,77.90006407990641,172.17030262503522,0.7862310409545898,-1,-1,-1
133,10,758.4164757189583,119.03409078964448,89.50943468829738,252.74627550165454,0.7613838911056519,-1,-1,-1
133,11,846.2641316809212,160.19710859123097,88.86193457207845,211.62645049216314,0.7354467511177063,-1,-1,-1
133,12,1020.3310422715343,155.21817235007168,78.75099745852256,176.87989246090632,0.8054941892623901,-1,-1,-1
134,10,766.2289820190485,116.8257067244393,89.30256733969277,254.84694760861294,0.7912026047706604,-1,-1,-1
134,11,856.8549645071915,159.57288000636845,91.76585118542084,212.07029364475193,0.8171269297599792,-1,-1,-1
134,12,1032.7881517915546,155.11033505469788,79.64663891910605,177.9893175829351,0.7890279293060303,-1,-1,-1
135,10,776.2599461699932,110.79388173396526,90.90694761972098,260.7260902399535,0.8068092465400696,-1,-1,-1
135,11,876.0191254310915,158.01226617540095,93.40436365495033,213.46766818611897,0.8084672689437866,-1,-1,-1
135,12,1050.0337590794566,155.0643051412802,82.88481148633286,183.49215521841194,0.8030886650085449,-1,-1,-1
136,10,778.5050647122337,111.09780162962184,92.9652025604685,260.282195489198,0.8138440251350403,-1,-1,-1
136,11,894.3394112966372,155.44284950076826,95.5545725700288,215.88267582028865,0.8354810476303101,-1,-1,-1
136,12,1066.9482487589764,157.6187021016487,86.71291023034681,190.03280168151448,0.7948468327522278,-1,-1,-1
137,10,782.2252287129212,113.88451942957113,95.89554506321072,257.3390871302976,0.813793420791626,-1,-1,-1
137,11,910.484057425088,156.41666745798494,96.95491604361605,214.76831617560916,0.7869737148284912,-1,-1,-1
137,12,1085.0739270575498,157.32839788220784,88.09944956108218,191.84612122435027,0.7973945736885071,-1,-1,-1
138,10,788.5300418339357,114.3462290408091,100.45900708360325,256.72967210504237,0.7375219464302063,-1,-1,-1
138,11,925.9785456176637,158.76802404716034,99.02473566045317,212.27527306849035,0.7582455277442932,-1,-1,-1
138,12,1100.7255053891065,155.26307314791802,89.34379000222152,196.3034153248774,0.7735603451728821,-1,-1,-1
139,10,801.0804713418345,110.60813383146987,104.99583161384095,260.34461874456866,0.8092510104179382,-1,-1,-1
139,11,941.6472563031663,158.34232208669212,102.41922005454171,212.57147678134476,0.7586796283721924,-1,-1,-1
139,12,1120.0335869001572,155.10299670982522,89.54194209866242,197.92740158988929,0.7360872030258179,-1,-1,-1
140,10,821.2666552920364,104.64267865296725,109.34059484429956,266.210350653837,0.7744269371032715,-1,-1,-1
140,11,963.4955613951054,155.54018679775535,105.83534220157983,213.95166936226593,0.7744807004928589,-1,-1,-1
140,12,1134.5437380549618,156.33466404883785,91.47866072357174,203.61643830489922,0.7599860429763794,-1,-1,-1
141,10,845.1502158120215,101.09585770922436,113.24517284774674,269.6705626921399,0.7001553773880005,-1,-1,-1
141,11,988.0598427494438,153.817560981322,108.44860003997157,215.74246457691822,0.6927541494369507,-1,-1,-1
141,12,1144.35001567603,156.80753501103737,90.69262098327351,205.71397177491323,0.7479842305183411,-1,-1,-1
142,10,861.4087706967086,101.08565079387594,116.89884842889965,269.59690597150257,0.7224968671798706,-1,-1,-1
143,10,878.3890765186442,101.80581905162077,119.54656230496633,268.7963009139545,0.6507540941238403,-1,-1,-1
144,10,905.1134184760423,99.51337795516162,122.48588475086586,271.017563312127,0.7616956233978271,-1,-1,-1
144,11,1073.0515594439282,161.61324898382156,112.47870609494889,208.5889995458604,0.7036284804344177,-1,-1,-1
